0 236 424
1 668 125
2 3 423
3 659 440
4 530 12
5 313 501
6 848 529
7 867 476
8 621 340
9 837 487
10 562 586
11 665 368
12 339 94
13 402 534
14 965 204
15 141 630
16 863 288
17 1004 271
18 250 737
19 989 728
20 856 747
21 614 314
22 21 229
23 756 653
24 168 173
25 921 662
26 407 643
27 329 289
28 927 543
29 478 258
30 220 154
31 571 315
32 469 162
33 356 691
34 688 474
35 244 462
36 990 631
37 526 142
38 994 298
39 638 186
40 888 707
41 697 12
42 494 489
43 234 435
44 906 283
45 213 701
46 99 189
47 188 313
48 405 295
49 982 223
50 987 735
51 518 615
52 320 536
53 857 731
54 575 49
55 875 500
56 944 168
57 322 454
58 380 275
59 806 369
60 132 164
61 324 503
62 255 177
63 421 660
64 818 549
65 975 24
66 569 51
67 595 31
68 146 517
69 434 62
70 265 709
71 802 451
72 615 375
73 851 398
74 1000 319
75 306 294
76 698 101
77 990 526
78 833 30
79 260 386
80 655 762
81 222 444
82 755 562
83 275 740
84 186 162
85 535 436
86 142 607
87 473 94
88 376 274
89 444 637
90 734 530
91 286 442
92 645 86
93 277 409
94 272 577
95 290 684
96 186 552
97 586 436
98 777 39
99 652 97
100 18 754
101 411 551
102 471 655
103 948 383
104 573 78
105 278 468
106 977 607
107 245 368
108 126 723
109 883 602
110 365 430
111 840 94
112 517 460
113 597 161
114 712 116
115 642 64
116 432 107
117 28 240
118 984 590
119 324 510
120 147 43
121 304 222
122 196 160
123 561 546
124 307 328
125 487 255
