-10.000000 2716933.787933
-9.900000 2716528.055672
-9.800000 2716122.363788
-9.700000 2715716.712281
-9.600000 2715311.101149
-9.500000 2714905.530388
-9.400000 2714499.999998
-9.300000 2714094.509976
-9.200000 2713689.060321
-9.100000 2713283.651029
-9.000000 2712878.282100
-8.900000 2712472.953531
-8.800000 2712067.665320
-8.700000 2711662.417466
-8.600000 2711257.209966
-8.500000 2710852.042818
-8.400000 2710446.916020
-8.300000 2710041.829570
-8.200000 2709636.783467
-8.100000 2709231.777708
-8.000000 2708826.812291
-7.900000 2708421.887214
-7.800000 2708017.002475
-7.700000 2707612.158072
-7.600000 2707207.354004
-7.500000 2706802.590267
-7.400000 2706397.866861
-7.300000 2705993.183783
-7.200000 2705588.541031
-7.100000 2705183.938603
-7.000000 2704779.376497
-6.900000 2704374.854711
-6.800000 2703970.373243
-6.700000 2703565.932092
-6.600000 2703161.531254
-6.500000 2702757.170728
-6.400000 2702352.850513
-6.300000 2701948.570605
-6.200000 2701544.331003
-6.100000 2701140.131706
-6.000000 2700735.972710
-5.900000 2700331.854015
-5.800000 2699927.775617
-5.700000 2699523.737515
-5.600000 2699119.739708
-5.500000 2698715.782192
-5.400000 2698311.864966
-5.300000 2697907.988028
-5.200000 2697504.151376
-5.100000 2697100.355009
-5.000000 2696696.598922
-4.900000 2696292.883116
-4.800000 2695889.207588
-4.700000 2695485.572336
-4.600000 2695081.977357
-4.500000 2694678.422650
-4.400000 2694274.908214
-4.300000 2693871.434045
-4.200000 2693468.000142
-4.100000 2693064.606502
-4.000000 2692661.253125
-3.900000 2692257.940007
-3.800000 2691854.667148
-3.700000 2691451.434544
-3.600000 2691048.242193
-3.500000 2690645.090095
-3.400000 2690241.978246
-3.300000 2689838.906646
-3.200000 2689435.875290
-3.100000 2689032.884179
-3.000000 2688629.933310
-2.900000 2688227.022680
-2.800000 2687824.152288
-2.700000 2687421.322131
-2.600000 2687018.532208
-2.500000 2686615.782517
-2.400000 2686213.073056
-2.300000 2685810.403823
-2.200000 2685407.774815
-2.100000 2685005.186030
-2.000000 2684602.637468
-1.900000 2684200.129125
-1.800000 2683797.661000
-1.700000 2683395.233090
-1.600000 2682992.845394
-1.500000 2682590.497909
-1.400000 2682188.190635
-1.300000 2681785.923567
-1.200000 2681383.696706
-1.100000 2680981.510048
-1.000000 2680579.363591
-0.900000 2680177.257334
-0.800000 2679775.191275
-0.700000 2679373.165411
-0.600000 2678971.179741
-0.500000 2678569.234262
-0.400000 2678167.328973
-0.300000 2677765.463871
-0.200000 2677363.638955
-0.100000 2676961.854222
-0.000000 2676560.109671
0.100000 2676158.405300
0.200000 2675756.741105
0.300000 2675355.117087
0.400000 2674953.533242
0.500000 2674551.989568
0.600000 2674150.486063
0.700000 2673749.022726
0.800000 2673347.599555
0.900000 2672946.216547
1.000000 2672544.873700
1.100000 2672143.571013
1.200000 2671742.308483
1.300000 2671341.086108
1.400000 2670939.903887
1.500000 2670538.761817
1.600000 2670137.659897
1.700000 2669736.598124
1.800000 2669335.576496
1.900000 2668934.595012
2.000000 2668533.653669
2.100000 2668132.752465
2.200000 2667731.891398
2.300000 2667331.070467
2.400000 2666930.289669
2.500000 2666529.549003
2.600000 2666128.848466
2.700000 2665728.188055
2.800000 2665327.567771
2.900000 2664926.987609
3.000000 2664526.447569
3.100000 2664125.947648
3.200000 2663725.487844
3.300000 2663325.068155
3.400000 2662924.688580
3.500000 2662524.349116
3.600000 2662124.049760
3.700000 2661723.790513
3.800000 2661323.571370
3.900000 2660923.392331
4.000000 2660523.253392
4.100000 2660123.154553
4.200000 2659723.095811
4.300000 2659323.077164
4.400000 2658923.098610
4.500000 2658523.160147
4.600000 2658123.261774
4.700000 2657723.403487
4.800000 2657323.585286
4.900000 2656923.807168
5.000000 2656524.069130
5.100000 2656124.371172
5.200000 2655724.713291
5.300000 2655325.095485
5.400000 2654925.517752
5.500000 2654525.980090
5.600000 2654126.482497
5.700000 2653727.024971
5.800000 2653327.607510
5.900000 2652928.230112
6.000000 2652528.892775
6.100000 2652129.595497
6.200000 2651730.338276
6.300000 2651331.121110
6.400000 2650931.943997
6.500000 2650532.806935
6.600000 2650133.709921
6.700000 2649734.652955
6.800000 2649335.636034
6.900000 2648936.659155
7.000000 2648537.722318
7.100000 2648138.825519
7.200000 2647739.968757
7.300000 2647341.152030
7.400000 2646942.375336
7.500000 2646543.638673
7.600000 2646144.942039
7.700000 2645746.285431
7.800000 2645347.668849
7.900000 2644949.092289
8.000000 2644550.555750
8.100000 2644152.059230
8.200000 2643753.602726
8.300000 2643355.186238
8.400000 2642956.809762
8.500000 2642558.473297
8.600000 2642160.176841
8.700000 2641761.920391
8.800000 2641363.703946
8.900000 2640965.527504
9.000000 2640567.391063
9.100000 2640169.294621
9.200000 2639771.238175
9.300000 2639373.221724
9.400000 2638975.245265
9.500000 2638577.308798
9.600000 2638179.412319
9.700000 2637781.555826
9.800000 2637383.739319
9.900000 2636985.962794
10.000000 2636588.226249
