
1)
Eigen Value: 1.000000e+00
Eigen Vector:4.516285e-17 5.789805e-16 7.421966e-02 2.291742e-15 -2.735791e-15 1.437857e-15 -1.983492e-15 -5.986924e-15 2.067548e-01 8.916700e-15 -5.524022e-16 2.418956e-15 -2.254305e-16 2.823422e-15 1.102287e-15 -1.506827e-15 -2.301000e-15 -1.755302e-15 2.127535e-15 6.183493e-15 -9.459499e-16 9.943781e-15 1.669029e-14 8.843304e-17 1.749463e-01 -3.152608e-15 8.755906e-16 7.317449e-15 1.211225e-16 -1.906831e-15 -4.398187e-15 3.771090e-15 3.180843e-02 -3.031596e-15 2.246012e-15 -1.159995e-14 -1.070205e-14 1.173924e-14 -8.694371e-15 -2.070081e-15 6.689750e-15 1.484467e-14 8.365172e-17 3.538390e-15 2.397731e-15 -5.494281e-15 2.180265e-15 2.039307e-15 1.616358e-15 1.474563e-15 -2.171283e-14 -9.585503e-15 -9.727906e-15 -3.081366e-16 -4.825641e-17 9.329113e-15 -6.103549e-16 -1.543213e-15 -2.830520e-15 -6.634009e-16 5.577051e-15 -1.135291e-14 -9.152710e-16 3.817011e-01 2.597688e-01 6.808123e-16 -6.514832e-15 1.454322e-16 1.721815e-16 3.687869e-15 -1.779357e-15 1.691603e-15 -3.270917e-16 -3.258189e-16 3.007618e-15 4.612222e-01 1.537407e-01 7.389549e-16 5.370087e-15 1.166309e-01 -2.363537e-15 -1.773037e-15 -1.097710e-15 6.067809e-16 6.172089e-16 -1.159125e-14 -3.325431e-15 -5.879632e-15 4.484116e-15 3.506204e-15 4.577090e-15 3.694030e-17 -2.620439e-16 -2.252638e-15 2.149963e-15 -1.025401e-15 9.097357e-15 -3.595626e-15 4.241123e-01 -7.122688e-16 1.065958e-14 2.968786e-01 -1.110560e-15 -1.041926e-15 -4.910992e-16 -1.603670e-15 -1.359464e-15 4.840287e-15 -5.003746e-15 8.297222e-16 -1.174033e-15 5.516957e-15 -8.073795e-15 -1.371106e-15 1.073675e-15 4.208636e-16 5.496236e-15 3.991069e-15 -6.870200e-16 4.347152e-01 2.900251e-15 -1.719295e-15 -1.756204e-15 -1.019335e-14 2.954266e-15 

2)
Eigen Value: 1.000000e+00
Eigen Vector:-2.259811e-17 -6.883062e-17 1.114753e-01 2.045797e-16 -7.969301e-17 1.375134e-15 -1.013088e-15 -1.894032e-15 -1.702291e-01 5.971949e-15 -3.856815e-16 1.052485e-15 6.418170e-17 4.370858e-16 9.039751e-17 -2.072209e-16 -1.262060e-15 -6.569996e-16 1.921611e-16 1.876054e-15 -1.443669e-15 4.854644e-15 1.379384e-14 8.652825e-16 -1.823918e-01 -8.288121e-17 9.464257e-17 2.652565e-15 2.777044e-15 1.910544e-16 -5.812564e-16 1.604066e-15 1.216273e-02 4.172453e-16 8.034766e-16 -5.367356e-15 -4.147573e-15 4.048997e-15 -7.115958e-15 -5.594275e-16 3.730053e-15 1.113089e-14 1.032702e-16 -6.750483e-16 1.040943e-15 -1.402074e-15 -5.429805e-16 6.652570e-16 -7.201641e-16 5.808743e-16 -1.403922e-14 -8.155167e-15 -3.974000e-15 -5.325163e-16 -2.746443e-16 1.701977e-15 -3.063643e-16 -1.153471e-15 -8.044587e-16 -1.739687e-15 4.875070e-15 -7.334937e-15 -1.763162e-16 1.459527e-01 1.623331e-02 1.303990e-16 -5.481034e-15 6.301478e-16 -9.574428e-17 1.719223e-15 -4.529673e-16 8.171117e-16 1.667500e-16 -2.489367e-16 3.782550e-16 -7.292731e-02 -1.074047e-01 6.024219e-16 5.152797e-15 -3.849895e-02 -4.683613e-16 -7.483449e-16 -1.090819e-16 1.463938e-16 3.520012e-16 -6.286777e-15 -2.989762e-15 -4.229129e-16 3.465736e-16 6.349254e-16 1.671240e-15 1.185614e-16 -3.398165e-16 -9.352005e-17 2.111684e-15 -4.991770e-16 4.557390e-15 -2.748976e-15 4.945521e-01 1.936502e-16 5.729836e-15 4.459012e-01 7.750628e-17 3.638062e-16 2.799922e-16 -7.665968e-16 -1.402953e-15 3.327059e-15 -2.683892e-15 7.669235e-17 -1.184685e-15 1.942707e-15 -5.618527e-15 1.265754e-15 -7.955803e-16 -4.780980e-17 4.203079e-15 3.373345e-15 -1.161038e-16 -6.647322e-01 2.927608e-16 -1.669481e-15 -8.965983e-16 -6.179000e-15 1.410200e-15 

3)
Eigen Value: 1.000000e+00
Eigen Vector:-1.236398e-17 -2.434151e-16 -7.987260e-02 6.250143e-17 2.189197e-16 1.605616e-15 -1.391954e-15 -5.271572e-16 2.723024e-01 8.998085e-15 -5.227164e-16 1.007689e-15 3.318187e-17 -3.843739e-16 -1.395084e-16 -4.155002e-17 -1.706643e-15 -8.368378e-16 2.788857e-16 1.267964e-15 -1.607799e-15 6.333098e-15 2.324374e-14 1.521434e-15 3.271203e-01 8.888193e-16 6.488211e-17 2.796379e-15 4.816205e-15 9.716407e-16 -2.764329e-16 1.837101e-15 -2.936491e-02 1.511915e-15 7.445892e-16 -6.282215e-15 -3.980437e-15 3.599001e-15 -1.191094e-14 -6.088459e-16 5.792304e-15 1.831651e-14 1.656434e-16 -1.945452e-15 1.019968e-15 -1.103747e-15 -2.139200e-15 6.844341e-16 -1.408753e-15 1.779524e-16 -2.249644e-14 -1.414624e-14 -4.705191e-15 -9.298215e-16 1.910071e-16 4.012479e-16 -2.553859e-16 -1.881217e-15 -4.341080e-16 -3.049659e-15 8.210430e-15 -1.121261e-14 5.339512e-17 4.308591e-01 -1.743161e-01 -9.282912e-17 -8.377750e-15 8.958162e-16 -2.786524e-16 2.456657e-15 -4.118799e-16 1.038028e-15 3.718876e-16 -7.631023e-17 -2.788013e-17 -6.121501e-01 -4.852898e-02 8.148526e-16 8.166427e-15 7.069021e-02 -3.780698e-16 -9.562278e-16 -2.688124e-17 2.325926e-16 4.787944e-16 -8.786650e-15 -5.469876e-15 1.096955e-15 -2.113600e-16 4.875065e-17 1.619309e-15 -6.665636e-17 -3.749326e-16 8.191219e-16 2.937736e-15 -5.168467e-16 6.046669e-15 -3.873397e-15 3.331160e-01 4.156125e-16 8.300622e-15 -3.194904e-01 5.400118e-16 1.129718e-15 4.159935e-16 -8.437447e-16 -2.305310e-15 5.666968e-15 -3.698730e-15 -1.255133e-16 -1.985314e-15 2.042602e-15 -8.713890e-15 3.357615e-15 -1.965988e-15 -1.635525e-16 5.260216e-15 4.505194e-15 -6.316548e-18 2.134959e-02 -5.135978e-16 -1.550416e-15 -5.564763e-16 -8.875109e-15 1.910046e-15 

4)
Eigen Value: 1.000000e+00
Eigen Vector:-3.007565e-17 -5.921123e-16 3.354900e-02 1.520360e-16 5.325267e-16 3.905696e-15 -3.385956e-15 -1.282321e-15 3.748451e-01 2.188803e-14 -1.271519e-15 2.451224e-15 8.071560e-17 -9.349977e-16 -3.393572e-16 -1.010713e-16 -4.151444e-15 -2.035626e-15 6.783952e-16 3.084348e-15 -3.911004e-15 1.540539e-14 5.654090e-14 3.700920e-15 1.463953e-01 2.162071e-15 1.578271e-16 6.802250e-15 1.171552e-14 2.363536e-15 -6.724287e-16 4.468787e-15 -5.818133e-02 3.677766e-15 1.811229e-15 -1.528162e-14 -9.682496e-15 8.754646e-15 -2.897361e-14 -1.481030e-15 1.408990e-14 4.455529e-14 4.029311e-16 -4.732352e-15 2.481093e-15 -2.684888e-15 -5.203649e-15 1.664900e-15 -3.426822e-15 4.328729e-16 -5.472306e-14 -3.441102e-14 -1.144548e-14 -2.261810e-15 4.646287e-16 9.760438e-16 -6.212317e-16 -4.576099e-15 -1.055977e-15 -7.418360e-15 1.997204e-14 -2.727491e-14 1.298848e-16 3.675272e-01 -4.211370e-01 -2.258088e-16 -2.037905e-14 2.179092e-15 -6.778279e-16 5.975870e-15 -1.001907e-15 2.525025e-15 9.046244e-16 -1.856262e-16 -6.781901e-17 3.375604e-01 -1.667089e-01 1.982146e-15 1.986500e-14 2.336224e-01 -9.196627e-16 -2.326044e-15 -6.538917e-17 5.657863e-16 1.164677e-15 -2.137371e-14 -1.330559e-14 2.668367e-15 -5.141376e-16 1.185870e-16 3.939003e-15 -1.621430e-16 -9.120313e-16 1.992531e-15 7.146104e-15 -1.257240e-15 1.470865e-14 -9.422119e-15 -4.468669e-01 1.010986e-15 2.019144e-14 1.341960e-01 1.313590e-15 2.748063e-15 1.011913e-15 -2.052427e-15 -5.607714e-15 1.378502e-14 -8.997239e-15 -3.053137e-16 -4.829319e-15 4.968673e-15 -2.119672e-14 8.167469e-15 -4.782307e-15 -3.978448e-16 1.279559e-14 1.095898e-14 -1.536514e-17 -3.272605e-01 -1.249337e-15 -3.771419e-15 -1.353640e-15 -2.158889e-14 4.646227e-15 

5)
Eigen Value: 1.000000e+00
Eigen Vector:-6.407311e-18 -1.261435e-16 -5.636175e-02 3.238974e-17 1.134494e-16 8.320688e-16 -7.213436e-16 -2.731855e-16 5.308930e-01 4.663022e-15 -2.708841e-16 5.222084e-16 1.719564e-17 -1.991918e-16 -7.229660e-17 -2.153221e-17 -8.844229e-16 -4.336693e-16 1.445252e-16 6.570890e-16 -8.331997e-16 3.281963e-15 1.204546e-14 7.884435e-16 -2.120552e-01 4.606074e-16 3.362346e-17 1.449150e-15 2.495873e-15 5.035274e-16 -1.432541e-16 9.520296e-16 6.663728e-02 7.835106e-16 3.858639e-16 -3.255594e-15 -2.062757e-15 1.865088e-15 -6.172534e-15 -3.155185e-16 3.001711e-15 9.492052e-15 8.584037e-17 -1.008180e-15 5.285716e-16 -5.719880e-16 -1.108585e-15 3.546901e-16 -7.300496e-16 9.221917e-17 -1.165819e-14 -7.330918e-15 -2.438342e-15 -4.818557e-16 9.898443e-17 2.079362e-16 -1.323471e-16 -9.748914e-16 -2.249652e-16 -1.580406e-15 4.254841e-15 -5.810642e-15 2.767063e-17 6.714500e-02 2.528759e-01 -4.810627e-17 -4.341550e-15 4.642334e-16 -1.444044e-16 1.273098e-15 -2.134460e-16 5.379309e-16 1.927210e-16 -3.954578e-17 -1.444815e-17 1.466999e-01 -8.382498e-02 4.222761e-16 4.232037e-15 -6.992828e-01 -1.959248e-16 -4.955401e-16 -1.393050e-17 1.205350e-16 2.481227e-16 -4.553452e-15 -2.834620e-15 5.684684e-16 -1.095318e-16 2.526375e-17 8.391645e-16 -3.454292e-17 -1.942990e-16 4.244885e-16 1.522405e-15 -2.678423e-16 3.133528e-15 -2.007287e-15 1.248186e-02 2.153803e-16 4.301580e-15 -2.254470e-01 2.798470e-16 5.854470e-16 2.155778e-16 -4.372487e-16 -1.194667e-15 2.936758e-15 -1.916770e-15 -6.504398e-17 -1.028837e-15 1.058525e-15 -4.515746e-15 1.739996e-15 -1.018822e-15 -8.475679e-17 2.725970e-15 2.334699e-15 -3.273386e-18 -1.690779e-01 -2.661586e-16 -8.034625e-16 -2.883793e-16 -4.599294e-15 9.898316e-16 

6)
Eigen Value: 1.000000e+00
Eigen Vector:-7.907656e-18 -1.556815e-16 5.823738e-03 3.997416e-17 1.400149e-16 1.026907e-15 -8.902544e-16 -3.371549e-16 -5.008589e-01 5.754922e-15 -3.343147e-16 6.444895e-16 2.122219e-17 -2.458348e-16 -8.922567e-17 -2.657423e-17 -1.091521e-15 -5.352179e-16 1.783674e-16 8.109538e-16 -1.028303e-15 4.050472e-15 1.486605e-14 9.730664e-16 6.289106e-01 5.684638e-16 4.149677e-17 1.788485e-15 3.080309e-15 6.214341e-16 -1.767987e-16 1.174958e-15 2.760017e-03 9.669785e-16 4.762183e-16 -4.017928e-15 -2.545776e-15 2.301820e-15 -7.617902e-15 -3.894007e-16 3.704595e-15 1.171472e-14 1.059409e-16 -1.244256e-15 6.523426e-16 -7.059255e-16 -1.368172e-15 4.377448e-16 -9.009989e-16 1.138133e-16 -1.438809e-14 -9.047536e-15 -3.009308e-15 -5.946877e-16 1.221628e-16 2.566268e-16 -1.633377e-16 -1.203173e-15 -2.776433e-16 -1.950476e-15 5.251160e-15 -7.171270e-15 3.415002e-17 2.165291e-01 -3.745025e-03 -5.937089e-17 -5.358174e-15 5.729389e-16 -1.782183e-16 1.571209e-15 -2.634268e-16 6.638936e-16 2.378488e-16 -4.880588e-17 -1.783135e-17 1.227971e-01 -6.441358e-02 5.211568e-16 5.223017e-15 -5.147981e-01 -2.418028e-16 -6.115764e-16 -1.719248e-17 1.487597e-16 3.062234e-16 -5.619694e-15 -3.498379e-15 7.015817e-16 -1.351799e-16 3.117955e-17 1.035664e-15 -4.263153e-17 -2.397963e-16 5.238873e-16 1.878893e-15 -3.305606e-16 3.867279e-15 -2.477316e-15 -1.371359e-01 2.658140e-16 5.308844e-15 2.329495e-02 3.453764e-16 7.225360e-16 2.660577e-16 -5.396354e-16 -1.474411e-15 3.624433e-15 -2.365604e-15 -8.027477e-17 -1.269751e-15 1.306391e-15 -5.573159e-15 2.147436e-15 -1.257391e-15 -1.046036e-16 3.364286e-15 2.881395e-15 -4.039887e-18 -5.547162e-02 -3.284827e-16 -9.916023e-16 -3.559066e-16 -5.676270e-15 1.221612e-15 

7)
Eigen Value: 1.000000e+00
Eigen Vector:-1.200328e-17 -2.363137e-16 9.303827e-02 6.067802e-17 2.125329e-16 1.558774e-15 -1.351345e-15 -5.117780e-16 -5.465171e-02 8.735576e-15 -5.074667e-16 9.782907e-16 3.221383e-17 -3.731603e-16 -1.354384e-16 -4.033785e-17 -1.656853e-15 -8.124240e-16 2.707495e-16 1.230972e-15 -1.560893e-15 6.148337e-15 2.256563e-14 1.477048e-15 -2.814467e-01 8.628890e-16 6.298925e-17 2.714798e-15 4.675698e-15 9.432942e-16 -2.683682e-16 1.783506e-15 -2.699869e-01 1.467807e-15 7.228666e-16 -6.098938e-15 -3.864312e-15 3.494005e-15 -1.156345e-14 -5.910835e-16 5.623320e-15 1.778214e-14 1.608109e-16 -1.888695e-15 9.902112e-16 -1.071546e-15 -2.076791e-15 6.644665e-16 -1.367654e-15 1.727608e-16 -2.184013e-14 -1.373354e-14 -4.567922e-15 -9.026950e-16 1.854347e-16 3.895419e-16 -2.479353e-16 -1.826334e-15 -4.214434e-16 -2.960689e-15 7.970900e-15 -1.088549e-14 5.183738e-17 2.310819e-01 3.378545e-02 -9.012093e-17 -8.133339e-15 8.696818e-16 -2.705231e-16 2.384987e-15 -3.998638e-16 1.007745e-15 3.610382e-16 -7.408396e-17 -2.706676e-17 -2.766626e-01 -5.891821e-01 7.910802e-16 7.928181e-15 -1.616414e-01 -3.670400e-16 -9.283309e-16 -2.609701e-17 2.258069e-16 4.648261e-16 -8.530309e-15 -5.310298e-15 1.064953e-15 -2.051938e-16 4.732841e-17 1.572067e-15 -6.471173e-17 -3.639943e-16 7.952249e-16 2.852031e-15 -5.017683e-16 5.870264e-15 -3.760395e-15 -1.900695e-01 4.034874e-16 8.058460e-15 3.721531e-01 5.242576e-16 1.096760e-15 4.038573e-16 -8.191294e-16 -2.238055e-15 5.501641e-15 -3.590824e-15 -1.218516e-16 -1.927395e-15 1.983012e-15 -8.459672e-15 3.259660e-15 -1.908633e-15 -1.587810e-16 5.106755e-15 4.373760e-15 -6.132270e-18 3.965876e-01 -4.986141e-16 -1.505184e-15 -5.402417e-16 -8.616188e-15 1.854323e-15 

8)
Eigen Value: 1.000000e+00
Eigen Vector:-1.316328e-17 -2.591511e-16 1.235607e-01 6.654195e-17 2.330721e-16 1.709414e-15 -1.481939e-15 -5.612362e-16 3.563585e-01 9.579782e-15 -5.565083e-16 1.072833e-15 3.532697e-17 -4.092225e-16 -1.485272e-16 -4.423610e-17 -1.816971e-15 -8.909367e-16 2.969147e-16 1.349933e-15 -1.711738e-15 6.742513e-15 2.474638e-14 1.619790e-15 3.981844e-01 9.462786e-16 6.907653e-17 2.977156e-15 5.127557e-15 1.034454e-15 -2.943034e-16 1.955864e-15 1.579200e-01 1.609656e-15 7.927245e-16 -6.688340e-15 -4.237759e-15 3.831665e-15 -1.268094e-14 -6.482058e-16 6.166758e-15 1.950061e-14 1.763517e-16 -2.071219e-15 1.085905e-15 -1.175101e-15 -2.277492e-15 7.286806e-16 -1.499825e-15 1.894564e-16 -2.395076e-14 -1.506075e-14 -5.009366e-15 -9.899315e-16 2.033551e-16 4.271872e-16 -2.718958e-16 -2.002831e-15 -4.621717e-16 -3.246810e-15 8.741207e-15 -1.193747e-14 5.684694e-17 -2.827747e-01 3.511396e-01 -9.883022e-17 -8.919345e-15 9.537278e-16 -2.966664e-16 2.615472e-15 -4.385066e-16 1.105133e-15 3.959289e-16 -8.124344e-17 -2.968249e-17 -3.633561e-01 1.437955e-01 8.675302e-16 8.694360e-15 1.586420e-02 -4.025108e-16 -1.018045e-15 -2.861902e-17 2.476289e-16 5.097469e-16 -9.354678e-15 -5.823486e-15 1.167870e-15 -2.250237e-16 5.190223e-17 1.723992e-15 -7.096548e-17 -3.991707e-16 8.720755e-16 3.127651e-15 -5.502592e-16 6.437566e-15 -4.123800e-15 -2.604581e-01 4.424805e-16 8.837230e-15 4.942427e-01 5.749219e-16 1.202751e-15 4.428861e-16 -8.982901e-16 -2.454341e-15 6.033319e-15 -3.937841e-15 -1.336273e-16 -2.113659e-15 2.174650e-15 -9.277215e-15 3.574674e-15 -2.093083e-15 -1.741256e-16 5.600272e-15 4.796440e-15 -6.724893e-18 -7.694557e-02 -5.468002e-16 -1.650645e-15 -5.924507e-16 -9.448857e-15 2.033525e-15 

9)
Eigen Value: 1.000000e+00
Eigen Vector:-8.978148e-18 -1.767567e-16 2.185016e-02 4.538563e-17 1.589693e-16 1.165924e-15 -1.010772e-15 -3.827970e-16 -1.722119e-01 6.533990e-15 -3.795723e-16 7.317367e-16 2.409513e-17 -2.791144e-16 -1.013045e-16 -3.017169e-17 -1.239284e-15 -6.076726e-16 2.025138e-16 9.207360e-16 -1.167508e-15 4.598801e-15 1.687852e-14 1.104795e-15 -3.563767e-01 6.454191e-16 4.711436e-17 2.030600e-15 3.497304e-15 7.055602e-16 -2.007327e-16 1.334017e-15 2.118675e-01 1.097882e-15 5.406860e-16 -4.561852e-15 -2.890408e-15 2.613427e-15 -8.649169e-15 -4.421155e-16 4.206102e-15 1.330059e-14 1.202825e-16 -1.412696e-15 7.406529e-16 -8.014896e-16 -1.553387e-15 4.970042e-16 -1.022971e-15 1.292207e-16 -1.633587e-14 -1.027234e-14 -3.416690e-15 -6.751930e-16 1.387004e-16 2.913675e-16 -1.854494e-16 -1.366052e-15 -3.152290e-16 -2.214520e-15 5.962031e-15 -8.142075e-15 3.877305e-17 5.211144e-01 6.838166e-02 -6.740818e-17 -6.083532e-15 6.505000e-16 -2.023444e-16 1.783910e-15 -2.990880e-16 7.537676e-16 2.700474e-16 -5.541293e-17 -2.024525e-17 -2.144983e-01 5.931473e-01 5.917080e-16 5.930079e-15 -8.220544e-02 -2.745367e-16 -6.943681e-16 -1.951990e-17 1.688979e-16 3.476782e-16 -6.380455e-15 -3.971969e-15 7.965578e-16 -1.534798e-16 3.540045e-17 1.175867e-15 -4.840274e-17 -2.722586e-16 5.948081e-16 2.133247e-15 -3.753100e-16 4.390809e-15 -2.812680e-15 -3.307516e-01 3.017984e-16 6.027525e-15 8.740062e-02 3.921314e-16 8.203487e-16 3.020751e-16 -6.126881e-16 -1.674009e-15 4.115088e-15 -2.685846e-15 -9.114190e-17 -1.441643e-15 1.483243e-15 -6.327621e-15 2.438144e-15 -1.427609e-15 -1.187642e-16 3.819724e-15 3.271462e-15 -4.586783e-18 1.052363e-02 -3.729508e-16 -1.125840e-15 -4.040872e-16 -6.444691e-15 1.386987e-15 

10)
Eigen Value: 1.000000e+00
Eigen Vector:-1.166318e-17 -2.296180e-16 7.392750e-02 5.895877e-17 2.065110e-16 1.514608e-15 -1.313056e-15 -4.972772e-16 1.450704e-01 8.488062e-15 -4.930881e-16 9.505717e-16 3.130108e-17 -3.625871e-16 -1.316009e-16 -3.919491e-17 -1.609908e-15 -7.894047e-16 2.630781e-16 1.196094e-15 -1.516667e-15 5.974130e-15 2.192626e-14 1.435197e-15 -2.017723e-02 8.384398e-16 6.120451e-17 2.637877e-15 4.543216e-15 9.165668e-16 -2.607643e-16 1.732972e-15 -2.043344e-01 1.426218e-15 7.023849e-16 -5.926131e-15 -3.754821e-15 3.395005e-15 -1.123581e-14 -5.743357e-16 5.463989e-15 1.727830e-14 1.562545e-16 -1.835181e-15 9.621545e-16 -1.041185e-15 -2.017947e-15 6.456395e-16 -1.328903e-15 1.678658e-16 -2.122131e-14 -1.334441e-14 -4.438494e-15 -8.771180e-16 1.801805e-16 3.785046e-16 -2.409103e-16 -1.774587e-15 -4.095022e-16 -2.876801e-15 7.745052e-15 -1.057706e-14 5.036862e-17 -2.331680e-01 -6.722528e-01 -8.756744e-17 -7.902888e-15 8.450402e-16 -2.628581e-16 2.317410e-15 -3.885340e-16 9.791913e-16 3.508085e-16 -7.198487e-17 -2.629985e-17 -4.568352e-02 3.618013e-01 7.686657e-16 7.703543e-15 -3.685501e-01 -3.566403e-16 -9.020276e-16 -2.535757e-17 2.194089e-16 4.516557e-16 -8.288611e-15 -5.159836e-15 1.034778e-15 -1.993798e-16 4.598740e-17 1.527524e-15 -6.287819e-17 -3.536809e-16 7.726930e-16 2.771221e-15 -4.875511e-16 5.703936e-15 -3.653848e-15 1.684415e-01 3.920550e-16 7.830131e-15 2.957100e-01 5.094032e-16 1.065684e-15 3.924144e-16 -7.959202e-16 -2.174642e-15 5.345757e-15 -3.489081e-15 -1.183990e-16 -1.872784e-15 1.926825e-15 -8.219976e-15 3.167301e-15 -1.854553e-15 -1.542821e-16 4.962060e-15 4.249833e-15 -5.958518e-18 2.010105e-01 -4.844864e-16 -1.462536e-15 -5.249345e-16 -8.372056e-15 1.801782e-15 
