   0 - 43.700302 -194.494253
   1 - 230.384079 282.007968
   2 - 312.874275 172.807880
   3 - 267.389254 288.850095
   4 - -131.099663 -13.207983
   5 - -48.049492 -166.487648
   6 - -35.662641 365.535091
   7 - 395.634450 -226.328300
   8 - 444.271616 -63.769857
   9 - 23.310583 -193.860931
  10 - 520.507664 -2.973600
  11 - 333.892322 -208.850952
  12 - -220.787908 150.389149
  13 - 582.492010 -360.026264
  14 - -229.548310 -246.497180
  15 - 80.478511 7.966179
  16 - -13.908606 -361.827058
  17 - 410.993542 361.982444
  18 - 516.368442 -196.957552
  19 - 202.036200 334.797880
  20 - 396.994414 337.857004
  21 - -233.150112 -63.746002
  22 - 186.860060 315.966381
  23 - 296.544258 261.698995
  24 - 54.079632 -286.978349
  25 - -132.759602 -91.482513
  26 - 671.655078 406.484198
  27 - 163.342778 452.839565
  28 - 531.753331 369.216136
  29 - -8.230147 91.545104
  30 - 232.272564 -409.961888
  31 - 461.757862 364.201999
  32 - 308.223343 153.973407
  33 - 325.250998 -98.684943
  34 - 825.243604 220.097057
  35 - 122.370152 -435.046334
  36 - 223.845184 -304.086666
  37 - 642.779920 -142.351749
  38 - 477.793543 -35.247598
  39 - 20.482405 158.445225
  40 - 445.721896 251.766911
  41 - -166.536519 508.641577
  42 - 480.043669 376.970395
  43 - 592.736222 394.951047
  44 - 243.154727 -217.759576
  45 - 603.018588 203.527974
  46 - -112.252397 -121.482796
  47 - 719.805809 174.665288
  48 - 591.592131 -289.434587
  49 - 577.828376 -91.305711
  50 - 106.224578 359.411548
  51 - 598.384471 122.993065
  52 - 553.694243 -373.458838
  53 - 312.541004 -306.426259
  54 - 566.759774 284.359308
  55 - 25.727379 464.442787
  56 - 789.912393 -55.413156
  57 - 213.208367 274.569266
  58 - 325.143448 258.520318
  59 - 68.692473 326.638970
  60 - 242.341475 -354.628441
  61 - 656.660185 45.095658
  62 - 539.098533 -214.587789
  63 - 237.200056 -101.381087
  64 - 587.276710 137.553934
  65 - 585.773643 -304.348333
  66 - -129.067021 -332.214232
  67 - 494.914943 -415.651203
  68 - 22.801583 -130.589778
  69 - -96.454561 -189.318974
  70 - -160.530633 -72.439691
  71 - 58.742187 -417.657534
  72 - 504.971753 -440.061031
  73 - 391.338970 -430.376469
  74 - 154.790774 -3.547718
  75 - 570.020496 -173.721087
  76 - 734.808146 59.410150
  77 - -92.766662 287.755769
  78 - 192.401328 -176.476498
  79 - -62.238919 -365.638407
  80 - -224.569256 -110.540285
  81 - -196.270577 -199.944655
  82 - -217.656096 54.185730
  83 - -25.079325 -23.446124
  84 - 385.816622 173.261782
  85 - -132.699819 -204.203949
  86 - 301.945148 263.485912
  87 - 396.055450 9.112253
  88 - 35.225031 -419.910466
  89 - 75.416066 -6.995510
  90 - 747.269632 -289.844682
  91 - 78.722974 -311.413420
  92 - -51.014915 41.300241
  93 - -3.846535 -211.973802
  94 - 195.420012 -246.653078
  95 - 639.389676 -43.432952
  96 - 22.024738 279.957255
  97 - 583.426786 337.365144
  98 - 587.349266 85.338142
  99 - 563.252476 -164.519438
 100 - 299.753788 36.197564
 101 - 226.798348 -463.767912
 102 - 184.907671 -193.491336
 103 - 391.715901 299.728786
 104 - 90.739017 -370.543620
 105 - 637.068663 -270.146758
 106 - 136.441511 -378.794383
 107 - -204.995447 -18.951242
 108 - 175.422355 270.908892
 109 - 438.507825 -440.519601
 110 - -50.399012 -445.371334
 111 - 706.025342 -198.747466
 112 - -229.134727 -529.852769
 113 - 404.924662 -469.912905
 114 - 27.417386 -203.267911
 115 - 59.155818 -86.622809
 116 - -111.459692 124.579967
 117 - 162.857151 -353.805390
 118 - 129.915989 -215.152790
 119 - 117.609992 -536.537219
 120 - -45.270772 -542.200746
 121 - -96.510394 -82.662502
 122 - 500.828809 -258.403175
 123 - 588.105762 -130.728899
 124 - 507.720127 -427.313013
 125 - 589.283251 -382.861295
 126 - 703.375489 -156.038794
 127 - 361.552724 15.689014
 128 - 318.206061 -497.780149
 129 - 102.184000 -510.900829
 130 - 333.746660 -97.076545
 131 - 491.089051 146.083954
 132 - 101.219450 -494.735118
 133 - -361.522671 -0.329960
 134 - 573.425116 218.314357
 135 - 234.434639 -512.759247
 136 - 527.921965 -514.789979
 137 - 519.053265 -463.074755
 138 - 365.521619 352.107936
 139 - 425.800238 -81.275287
 140 - 216.050526 112.837572
 141 - 229.177815 114.519324
 142 - -71.238755 -250.286565
 143 - 442.074736 -397.957109
 144 - 288.720285 -257.000035
 145 - 332.799705 358.105834
 146 - 132.799936 -543.572082
 147 - 337.730405 -486.268996
 148 - 176.649632 413.384206
 149 - 298.580147 376.792125
 150 - -196.499757 38.700194
 151 - 304.899781 -60.472002
 152 - -80.081758 283.268999
 153 - 475.576865 334.668434
 154 - 2.719918 -390.696224
 155 - -215.188853 4.525282
 156 - 455.062872 -78.166176
 157 - 210.543894 10.779262
 158 - -99.891341 114.640819
 159 - 162.265125 -470.053663
 160 - -472.284951 -113.063130
 161 - 183.298520 -260.445829
 162 - 50.189933 -423.090242
 163 - 387.688252 91.079746
 164 - 287.870926 -379.258846
 165 - 230.800426 -107.332304
 166 - -60.567783 -221.766373
 167 - 30.073005 -489.044044
 168 - -71.240299 -343.991667
 169 - 443.487237 -191.172240
 170 - 486.354871 -28.229712
 171 - 297.969586 -213.341373
 172 - 484.201862 256.820849
 173 - -297.146083 -249.741032
 174 - 63.109007 288.814627
 175 - -47.584015 -68.250325
 176 - 103.170500 -302.431892
 177 - 294.592258 -112.185482
 178 - -162.064513 -95.187806
 179 - 23.772144 -74.314358
 180 - 335.370005 -61.981925
 181 - 441.369306 -245.430440
 182 - 124.949374 412.411060
 183 - -129.232707 -78.294310
 184 - 10.197697 372.555147
 185 - 412.693381 307.514908
 186 - 255.760643 -173.219820
 187 - 87.001510 434.148385
 188 - 641.421413 266.097227
 189 - -307.105570 109.382584
 190 - -95.761210 434.342474
 191 - 15.645829 305.642508
 192 - 475.723508 465.699128
 193 - -154.813804 358.794699
 194 - 545.048739 251.436573
 195 - -375.236289 155.146331
 196 - 309.916537 107.287393
 197 - -151.454382 -168.110520
 198 - 299.450052 526.238617
 199 - 21.183674 129.656929
 200 - 423.925727 -27.159645
 201 - -76.188428 294.656784
 202 - 518.429936 659.015168
 203 - -368.179405 414.624264
 204 - -177.266177 322.488647
 205 - 248.331469 281.819587
 206 - 430.504377 216.411128
 207 - -70.965453 352.477177
 208 - -369.921874 559.476157
 209 - 344.452642 492.535295
 210 - -233.221116 -199.268959
 211 - 228.492059 -102.252339
 212 - -7.609251 191.540147
 213 - -269.533120 329.348104
 214 - -390.795682 121.708541
 215 - 72.477042 199.678544
 216 - -445.205449 542.211819
 217 - -128.314010 542.492807
 218 - -117.036323 629.274127
 219 - -280.960296 161.904474
 220 - -196.113711 310.659002
 221 - -392.244241 122.357008
 222 - -446.204179 -48.031565
 223 - -347.318283 28.756013
 224 - -174.385726 -199.305198
 225 - 419.534090 376.890490
 226 - -107.347113 519.855711
 227 - 40.039517 142.891892
 228 - -66.463702 -141.120865
 229 - 137.871849 240.395649
 230 - 335.235715 768.103894
 231 - -22.858313 213.325161
 232 - 25.508795 534.393425
 233 - 403.772896 267.487787
 234 - 333.358377 27.456900
 235 - -216.890118 -108.951153
 236 - 156.658552 705.343262
 237 - 616.978992 515.975720
 238 - 231.660482 506.424391
 239 - 109.971659 66.572952
 240 - 289.817013 141.799778
 241 - 10.740386 73.702642
 242 - 80.994887 340.269854
 243 - -10.924492 163.888831
 244 - -453.330193 757.269098
 245 - 513.120548 331.930023
 246 - -103.536909 -3.189527
 247 - -222.327762 256.765498
 248 - -159.882548 269.425644
 249 - -315.105319 449.582628
 250 - 158.707555 -13.761665
 251 - -342.720846 757.154969
 252 - 214.154829 -203.468571
 253 - 433.142435 -170.721654
 254 - 294.294511 -65.945015
 255 - 118.372486 329.345802
 256 - 234.831653 552.475820
 257 - -396.352993 66.246587
 258 - 445.103327 -222.027693
 259 - 360.018748 23.077852
 260 - 379.737728 223.395465
 261 - -110.879509 555.504170
 262 - -275.998628 92.256962
 263 - -220.503117 574.059723
 264 - 489.473423 300.909623
 265 - 11.266358 -99.620387
 266 - -240.665606 17.703696
 267 - 23.922596 427.821111
 268 - 230.992237 321.604504
 269 - 395.881935 548.616741
 270 - -267.510601 -40.852288
 271 - -16.399228 344.223804
 272 - -37.096979 569.125997
 273 - 319.355672 175.916987
 274 - -132.218684 434.590943
 275 - 190.947359 428.164941
 276 - -18.645202 -167.549290
 277 - 484.173669 -20.015221
 278 - -226.169722 -175.621531
 279 - 170.495011 -300.542890
 280 - 526.301494 126.519036
 281 - 279.464431 -162.826923
 282 - -25.312857 237.516500
 283 - 479.370233 403.499990
 284 - -65.808449 177.890383
 285 - 176.070977 87.245619
 286 - 517.847505 -153.085603
 287 - 282.880179 -99.687394
 288 - 240.588329 -214.294717
 289 - -15.088086 -313.203780
 290 - -43.929873 11.430417
 291 - 27.610308 578.982666
 292 - -14.411938 180.711638
 293 - 545.969216 37.402664
 294 - -19.561032 -244.921484
 295 - 78.528398 -290.449477
 296 - 270.505071 -42.888919
 297 - 231.775986 138.785244
 298 - -226.581806 206.300305
 299 - 509.873654 554.602335
 300 - 447.039722 476.983542
 301 - -0.021210 -447.416057
 302 - 39.876777 31.809517
 303 - 194.202416 -170.607319
 304 - 302.753682 -296.738349
 305 - -123.190290 -235.425724
 306 - -218.281148 225.042787
 307 - 86.484169 643.458464
 308 - 622.360739 10.270035
 309 - 176.448668 -168.013630
 310 - 521.469241 331.649403
 311 - 20.817736 152.717146
 312 - 461.720730 78.459089
 313 - 68.544652 572.279305
 314 - 277.377003 424.012946
 315 - 192.043194 -227.272892
 316 - -261.048756 165.882262
 317 - 463.560077 -289.886549
 318 - 251.851093 206.878002
 319 - 382.921915 -266.700278
 320 - 43.733457 499.913425
 321 - -511.559777 325.361074
 322 - 336.168295 480.273708
 323 - 354.321794 199.256941
 324 - 382.620701 172.955699
 325 - 593.157673 136.830249
 326 - 156.281315 -107.978793
 327 - -135.233222 -68.148482
 328 - 447.631182 394.384325
 329 - -117.777423 19.269826
 330 - 55.735394 380.886678
 331 - 353.238262 -7.197417
 332 - 101.525217 80.133426
 333 - 159.576677 -381.143314
 334 - -150.419786 -140.998598
 335 - -501.437163 247.109528
 336 - 137.558922 326.064995
 337 - -275.668012 71.423631
 338 - -228.058112 -107.236062
 339 - 65.924998 -302.852370
 340 - 247.590829 -106.311968
 341 - 168.274295 206.180628
 342 - 5.951282 -246.049280
 343 - -232.818585 -347.693114
 344 - -193.549042 -335.912324
 345 - -110.132971 -276.496093
 346 - 137.112141 109.795022
 347 - 89.369438 362.467369
 348 - -35.588342 -131.907635
 349 - -420.744337 -240.173724
 350 - 360.244106 -55.606556
 351 - 109.813109 161.798027
 352 - -63.102078 -390.183884
 353 - 397.467510 345.362147
 354 - 357.108087 -191.597789
 355 - -331.410189 -113.647332
 356 - -176.138688 419.793005
 357 - 48.939289 -287.516034
 358 - 393.473008 -23.166996
 359 - 256.547695 -3.262949
 360 - -211.752299 -311.630082
 361 - 34.648649 287.381281
 362 - -36.148782 309.372144
 363 - 56.018833 514.197234
 364 - 20.227028 168.490167
 365 - -39.686978 7.096858
 366 - 224.703452 39.215482
 367 - 159.869429 86.114832
 368 - 124.692411 190.239294
 369 - -40.651418 173.327992
 370 - -64.661092 120.578864
 371 - 181.007851 215.315548
 372 - 80.922609 203.220215
 373 - 66.328861 144.091020
 374 - -18.766223 7.027855
 375 - 69.757031 -144.904053
 376 - -52.457244 -67.359180
 377 - 231.431173 66.832287
 378 - -112.736403 -118.101086
 379 - 277.118236 50.205788
 380 - 84.061110 -142.639454
 381 - -26.442491 106.494651
 382 - 306.681533 -87.473784
 383 - 402.425775 -179.552612
 384 - -44.906747 -106.760482
 385 - -181.982961 160.509141
 386 - -13.295272 230.419057
 387 - -94.627453 -40.760242
 388 - 132.903085 -144.239169
 389 - 256.128442 -209.188647
 390 - -160.507335 183.750037
 391 - -253.174705 298.360468
 392 - -74.169153 223.831617
 393 - 104.816564 284.739665
 394 - 243.267689 396.710458
 395 - -171.268059 525.448780
 396 - 354.374775 -39.091925
 397 - -45.913911 -135.392432
 398 - 462.364681 -26.211816
 399 - 464.244985 163.832110
 400 - 26.517590 -320.817629
 401 - -232.096061 328.664321
 402 - -360.104778 199.938554
 403 - -151.703361 11.525862
 404 - 418.552868 -524.678183
 405 - -162.403975 -197.714731
 406 - -152.527271 176.984692
 407 - 372.304904 245.963469
 408 - -158.812236 -242.528651
 409 - 144.971716 -424.122514
 410 - -358.466639 16.006908
 411 - -212.665615 -73.108634
 412 - -456.322487 -519.491872
 413 - -30.439066 -43.097708
 414 - 506.697802 475.428557
 415 - -237.177289 -19.145502
 416 - 155.940745 400.148729
 417 - -399.841436 50.785047
 418 - 307.320886 -218.520305
 419 - -537.836507 -321.622282
 420 - -74.700481 -789.770548
 421 - -319.887028 -785.152232
 422 - -567.269701 -641.048130
 423 - 152.176043 -231.686964
 424 - -82.815492 21.141864
 425 - 180.713383 -385.010658
 426 - -294.820665 343.105173
 427 - 343.205319 -385.579254
 428 - -644.034923 -431.186050
 429 - -522.111131 -807.762962
 430 - 747.347407 -752.963484
 431 - -277.995248 -8.580041
 432 - -57.614454 -307.332089
 433 - -282.194471 251.016007
 434 - -335.968690 -41.558394
 435 - -325.071566 168.929539
 436 - -512.920625 437.974846
 437 - -555.256397 221.584187
 438 - -409.881674 904.876469
 439 - -292.457209 491.329777
 440 - -293.200298 495.523934
 441 - -198.446541 46.708456
 442 - -117.386959 -195.957157
 443 - 334.122809 -298.877227
 444 - -216.259791 -649.319131
 445 - 759.813177 355.410079
 446 - 125.296808 646.079960
 447 - 187.200994 -71.936618
 448 - -270.616399 309.528389
 449 - 111.007161 422.672076
 450 - -465.624996 714.419210
 451 - 786.709000 -340.491963
 452 - 828.152397 -553.503204
 453 - -146.465035 -968.416449
 454 - -45.999510 -81.457397
 455 - 147.114219 -81.015537
 456 - 160.968544 -139.954212
 457 - 169.600851 -154.296121
 458 - 251.181472 -141.634920
 459 - 150.530549 -5.585608
 460 - 144.013829 -95.777223
 461 - -5.319191 -284.574887
 462 - 243.401273 -159.536304
 463 - 200.081193 127.527474
 464 - 180.544681 -146.546113
 465 - 347.579197 -279.262104
 466 - -23.707298 144.167923
 467 - 352.946710 -173.879967
 468 - 97.342940 -321.641240
 469 - 386.047736 -39.589594
 470 - 365.241035 145.863820
 471 - -31.993136 -46.914537
 472 - 291.504589 -333.027684
 473 - -106.672660 -399.521693
 474 - -115.860569 70.708845
 475 - 218.357500 -302.325657
 476 - -112.326160 -270.369298
 477 - -270.516701 383.709376
 478 - 73.282502 24.978062
 479 - 148.012777 -297.462793
 480 - 177.537053 338.295170
 481 - 334.345847 322.010843
 482 - 8.554965 153.190729
 483 - 184.562711 302.531130
 484 - 8.220963 -8.820852
 485 - 158.368795 246.670916
 486 - 411.267099 146.930478
 487 - -47.764111 -399.902443
 488 - 578.655689 -224.455951
 489 - -183.440270 338.896433
 490 - 866.025778 94.864756
 491 - -327.138710 -627.556160
 492 - 892.106859 -1028.245975
 493 - -65.660805 -249.470597
 494 - 263.419952 41.917841
 495 - 85.390976 -456.787072
 496 - 354.811093 -537.017065
 497 - 798.247256 171.471788
 498 - 697.880631 -356.686287
 499 - 732.986985 -956.395001
 500 - 1180.796125 -780.800307
 501 - 386.336251 178.404987
 502 - -173.330494 292.964908
 503 - 559.391895 267.558737
 504 - 690.815200 -328.599432
 505 - 498.456030 64.214978
 506 - -307.448521 -566.958504
 507 - 73.306122 218.447727
 508 - -307.051573 -1095.268437
 509 - 26.843201 167.246846
 510 - 288.637005 -385.759483
 511 - 42.710117 -263.557969
 512 - 261.632496 -522.806874
 513 - 126.102286 285.770460
 514 - -17.301756 -145.103149
 515 - 718.335898 -422.833471
 516 - 494.692281 -567.684047
 517 - 197.642536 -197.895884
 518 - -133.169114 -106.678124
 519 - 627.782377 -383.437483
 520 - 649.323917 -30.545398
 521 - 562.169360 242.566135
 522 - 645.653076 -529.500380
 523 - 784.642271 359.978605
 524 - -106.642916 -978.542464
 525 - 474.310165 238.859411
 526 - 10.400331 -554.547828
 527 - -139.963979 245.378661
 528 - -124.519315 47.074366
 529 - 467.941208 -139.757305
 530 - -209.414523 -285.063009
 531 - 1059.135008 162.150406
 532 - 1088.740202 -472.060032
 533 - -177.934289 370.496661
 534 - 754.759034 -553.575631
 535 - -402.375900 522.656884
 536 - 567.490876 659.074260
 537 - 997.146339 12.536121
 538 - -342.061350 231.863175
 539 - 326.961364 -375.067299
 540 - 224.450164 -66.183772
 541 - 21.742307 -87.542688
 542 - 22.923503 18.119108
 543 - 268.838242 21.030560
 544 - -74.203805 39.382686
 545 - 248.542018 -58.134981
 546 - 262.139572 159.588270
 547 - 384.740360 177.920419
 548 - 4.339064 -130.887041
 549 - 150.084996 -68.949538
 550 - -104.966329 155.571442
 551 - -162.513964 148.176927
 552 - -91.465478 24.957322
 553 - 289.388335 203.564578
 554 - 353.067777 -107.583087
 555 - 192.603307 -258.267655
 556 - 88.415963 193.116940
 557 - 68.707357 383.240238
 558 - 187.485820 419.927864
 559 - -281.271071 -183.839334
 560 - 333.789470 -30.703089
 561 - -138.435417 305.348645
 562 - -106.756305 441.874344
 563 - -389.396205 -34.691031
 564 - 186.677986 -62.118193
 565 - 130.689719 -47.854157
 566 - 14.816281 43.009288
 567 - -474.485758 112.567886
 568 - 349.257762 307.206797
 569 - -39.205071 341.719617
 570 - -220.873099 409.211724
 571 - -445.458553 191.577887
 572 - 252.745516 69.423811
 573 - 211.457086 -47.931219
 574 - 114.940126 284.907467
 575 - 198.916447 43.364629
 576 - 760.929733 438.665104
 577 - -133.436556 -81.042726
 578 - 524.937143 -161.029971
 579 - 250.928575 -132.375197
 580 - 302.619448 -247.351498
 581 - 341.276985 281.634936
 582 - 336.890659 211.716754
 583 - 166.707191 742.365326
 584 - 1.511833 357.815415
 585 - 842.129163 83.448487
 586 - 290.062021 1011.107773
 587 - 339.004199 334.932228
 588 - 343.752998 -144.509958
 589 - 164.773089 623.152216
 590 - -279.045157 -107.273564
 591 - -105.715084 559.131086
 592 - 419.363096 674.937095
 593 - -199.184098 909.332586
 594 - -398.872184 17.725958
 595 - -113.234593 -25.463689
 596 - -151.200687 -66.364225
 597 - 327.432709 600.982533
 598 - 209.277756 304.086185
 599 - 207.007599 -133.192066
 600 - 649.965354 302.248217
 601 - -462.248344 692.729336
 602 - 263.315974 1202.666955
 603 - 402.221741 315.099922
 604 - 420.861656 61.377164
 605 - -226.373938 239.328679
 606 - -171.185326 405.050816
 607 - 415.398885 619.022570
 608 - 7.303008 849.015752
 609 - 434.526226 -236.211515
 610 - -295.482922 1064.800530
 611 - -259.448986 217.705380
 612 - -191.787133 625.140458
 613 - 467.742360 601.303324
 614 - 693.479625 15.335626
 615 - 613.575302 256.296210
 616 - -346.985360 -318.148192
 617 - 404.700477 378.749444
 618 - -716.640200 -53.653286
 619 - 116.394307 721.665190
 620 - 278.268360 748.438378
 621 - -422.181542 -280.013068
 622 - -124.557342 -223.086767
 623 - 398.592329 1039.167200
 624 - 172.238928 717.379860
 625 - 109.151200 -663.566833
 626 - 107.341720 -107.150155
 627 - 235.102560 22.799258
 628 - 223.769448 145.672506
 629 - 32.404944 13.848360
 630 - 2.383037 -60.835291
 631 - 148.007464 62.242604
 632 - -19.152116 220.459640
 633 - 45.880861 91.456746
 634 - 50.243053 185.784789
 635 - -36.721157 56.499562
 636 - -179.780171 -134.332546
 637 - -79.036156 -260.824804
 638 - 105.708909 -49.942977
 639 - 120.199667 82.367889
 640 - -181.008158 291.029839
 641 - 136.315453 501.714110
 642 - 89.221315 -37.428634
 643 - 295.058261 -111.541730
 644 - 300.433712 121.759984
 645 - -31.729187 359.434231
 646 - -171.679114 -17.064496
 647 - -56.251498 272.444780
 648 - 420.900577 205.144603
 649 - -288.419584 34.401341
 650 - -166.553871 338.015565
 651 - 116.780588 -92.412561
 652 - -327.367720 370.300756
 653 - -268.657371 144.857717
 654 - -205.095347 304.368744
 655 - -234.821235 -74.650080
 656 - 165.473099 294.981066
 657 - -333.775400 -183.295660
 658 - 359.393210 462.254077
 659 - -101.336592 408.179531
 660 - 68.824774 412.122851
 661 - 90.083571 238.872244
 662 - 646.679844 665.179620
 663 - -150.803497 933.580232
 664 - 57.237006 190.312536
 665 - -20.876956 290.680510
 666 - -77.828795 522.165052
 667 - -101.050492 520.317493
 668 - -325.733501 585.457413
 669 - 498.374065 670.895050
 670 - 644.079011 887.183417
 671 - -45.933353 404.451723
 672 - 103.108609 120.787000
 673 - 432.736592 488.517050
 674 - 534.091619 559.187141
 675 - 66.141975 711.289065
 676 - 335.111090 -117.707474
 677 - 146.734074 738.320614
 678 - 332.871301 246.451758
 679 - -534.055891 502.905272
 680 - 521.782933 1044.889960
 681 - 493.363750 403.274189
 682 - 209.765917 -162.313770
 683 - 400.558538 589.709089
 684 - 5.845842 33.109059
 685 - -15.964190 861.722999
 686 - -25.803228 643.661988
 687 - -666.002236 144.630182
 688 - 691.853443 1136.195938
 689 - 59.720720 -68.152346
 690 - 314.670266 117.060679
 691 - -258.411185 60.570035
 692 - -196.935286 548.117184
 693 - 414.194436 369.106059
 694 - 54.008096 709.676408
 695 - 602.058278 -102.416044
 696 - 181.571194 166.340958
 697 - -84.247192 608.658004
 698 - 480.085882 589.176764
 699 - -227.870382 -19.837453
 700 - -72.781586 -186.498464
 701 - 256.032214 908.704530
 702 - -693.469886 641.020441
 703 - -591.581508 -502.740369
 704 - -755.447066 79.368190
 705 - 607.813658 26.839341
 706 - 571.439061 182.458336
 707 - -340.033731 185.548114
 708 - 680.340396 880.146466
 709 - -200.704967 1188.035993
 710 - -875.332216 603.841819
 711 - -680.714103 131.794972
 712 - 1001.910206 485.341212
 713 - -702.376448 -601.881457
 714 - -118.212389 588.932166
 715 - -393.427690 329.294342
 716 - 380.062851 -182.389286
 717 - 408.374589 392.923689
 718 - 625.498998 -363.045295
 719 - -186.761147 -391.757474
 720 - 184.499082 -34.181838
 721 - 588.126337 309.554735
 722 - 166.486798 555.560380
 723 - 194.751338 54.473396
 724 - 283.830334 -383.482898
 725 - -455.849955 1226.486729
 726 - -642.960614 415.415021
 727 - -740.447006 578.812784
 728 - -40.017350 370.656121
 729 - 538.968707 -451.400739
 730 - -11.777174 138.642542
 731 - 15.560257 47.388333
 732 - 679.779311 171.528041
 733 - 186.496931 -51.277135
 734 - 771.183323 18.743806
 735 - 250.773139 -44.946773
 736 - -264.239201 78.471584
 737 - 49.495140 424.415379
 738 - 1131.789914 211.577131
 739 - -497.866287 -367.688226
 740 - -329.157204 -744.487334
 741 - 364.225734 119.673006
 742 - -474.952559 -63.905432
 743 - -220.826946 225.018446
 744 - 146.932469 -428.445218
 745 - -170.152866 140.104059
 746 - 683.803587 -10.307679
 747 - -61.518486 218.417387
 748 - -118.944123 75.606926
 749 - -124.755986 -416.357341
 750 - -380.563158 268.534204
 751 - 570.394570 -288.311426
 752 - 0.635085 -745.257558
 753 - 234.961919 -629.901829
 754 - 717.497846 -148.324229
 755 - 674.911690 -109.424762
 756 - -15.848360 -233.479244
 757 - 243.960563 496.711895
 758 - -387.814011 181.774826
 759 - 361.984141 491.750167
 760 - -54.421979 -422.896101
 761 - 514.421715 -456.731062
 762 - 221.324227 15.826062
 763 - 22.257412 495.809616
 764 - 604.407327 666.581752
 765 - -29.318657 542.548217
 766 - -28.976145 -316.155167
 767 - 758.058956 378.945160
 768 - 44.729756 -105.952125
 769 - -300.425235 149.224729
 770 - 645.691359 300.454902
 771 - 520.425940 -62.699663
 772 - -33.213471 200.379133
 773 - 630.374562 -156.472159
 774 - 148.867994 -166.716304
 775 - 214.578194 455.129558
 776 - 789.628892 728.178960
 777 - -306.691450 876.562298
 778 - 203.237149 549.943158
 779 - 683.783953 -283.951900
 780 - 741.205852 95.241252
 781 - -200.067556 -74.439495
 782 - 11.590468 692.945090
 783 - -172.051895 341.828968
 784 - 560.964729 140.604855
 785 - -337.339082 55.536183
 786 - -9.016503 608.329827
 787 - 549.349297 243.501886
 788 - 467.728765 1052.821534
 789 - 557.224046 -443.800305
 790 - -523.724456 3.605508
 791 - 200.819341 792.472659
 792 - -488.573028 578.347872
 793 - 479.942292 340.831630
 794 - 134.287705 615.857865
 795 - 241.471667 296.001396
 796 - -247.728814 662.589089
 797 - 417.679876 405.728994
 798 - 301.082256 -97.884901
 799 - -114.002657 405.706204
 800 - 376.077890 115.461141
 801 - -587.322876 989.875011
 802 - -131.090299 1001.555881
 803 - 134.785751 -271.692415
 804 - 538.605017 -3.896456
 805 - -331.268016 624.431889
 806 - 274.020137 457.370602
 807 - 566.542681 377.248834
 808 - 82.129823 367.339604
 809 - -143.549123 -442.390166
 810 - 81.483070 620.406241
 811 - 154.067284 420.938720
 812 - 182.189662 -28.334079
 813 - 42.294214 11.361230
 814 - 84.289001 125.558528
 815 - -30.454361 -80.572736
 816 - 6.424663 -112.531374
 817 - 27.117407 220.103778
 818 - 314.945683 -200.633769
 819 - 151.529172 111.348439
 820 - 200.277112 76.529577
 821 - -12.896008 -114.406123
 822 - 316.852563 90.746697
 823 - 131.752869 159.622218
 824 - -5.247455 249.395353
 825 - -157.864532 230.635943
 826 - 189.547913 305.161171
 827 - -114.841600 -186.231001
 828 - 75.138054 220.810694
 829 - -190.684784 254.028452
 830 - -230.461146 -225.734467
 831 - 29.893711 -131.902982
 832 - -145.590845 296.087563
 833 - 1.254466 -87.160787
 834 - 303.286429 196.670907
 835 - 242.919364 36.560447
 836 - 73.944063 -126.681948
 837 - 205.173757 -45.369813
 838 - 226.122530 -70.121096
 839 - 106.837743 -98.605289
 840 - 194.307067 272.176386
 841 - 326.957496 50.213533
 842 - 393.485470 213.468187
 843 - 198.346946 312.981129
 844 - 332.549098 150.066189
 845 - -36.849353 -163.332223
 846 - -179.651989 277.679422
 847 - -250.536393 -176.798256
 848 - -132.983225 189.952867
 849 - 290.172455 181.683627
 850 - 122.727431 -134.159999
 851 - -287.687121 193.565830
 852 - -174.466848 320.852768
 853 - 2.413770 89.069835
 854 - 208.166761 -131.430552
 855 - 209.211519 -183.898061
 856 - 350.132932 -28.483981
 857 - -55.386756 -133.258741
 858 - -116.241094 170.092818
 859 - -13.649872 288.903448
 860 - 404.901273 15.966438
 861 - 266.479013 247.512121
 862 - 443.108314 137.903487
 863 - 135.496728 185.693651
 864 - 182.233730 310.551534
 865 - 120.850799 271.120190
 866 - -28.046940 362.413813
 867 - -255.763419 -49.319722
 868 - 308.549241 109.354429
 869 - 179.182657 12.660357
 870 - -104.567803 146.797598
 871 - 67.026478 138.217472
 872 - -54.151305 48.911955
 873 - 4.530424 38.320842
 874 - 239.397143 -160.116343
 875 - 157.653549 33.578407
 876 - -9.812187 79.991980
 877 - 146.171151 -2.957723
 878 - -9.308315 -82.400172
 879 - -94.096530 -199.411336
 880 - -63.979946 68.169331
 881 - 80.637328 128.489225
 882 - 177.193678 166.502814
 883 - 258.489479 344.156780
 884 - 237.030972 144.462066
 885 - -70.622815 -385.789044
 886 - 572.540651 100.622466
 887 - 58.863057 -355.027033
 888 - 508.220953 -73.133372
 889 - 246.322270 161.053920
 890 - 134.593673 -51.382810
 891 - -69.573025 -3.112587
 892 - 87.182814 14.818814
 893 - 144.988307 63.447173
 894 - 218.343600 -157.996071
 895 - 107.082947 -124.964366
 896 - -12.820882 -183.674345
 897 - -142.288606 156.707573
 898 - 348.860741 24.109755
 899 - 133.143993 -263.490439
 900 - 116.861210 -113.433015
 901 - -15.682925 111.363715
 902 - 409.660793 168.472044
 903 - -25.411645 -237.325544
 904 - -282.865579 297.408371
 905 - 24.117144 54.967081
 906 - 273.658252 -98.695801
 907 - 137.130059 -76.883919
 908 - 114.919837 230.717322
 909 - 16.723974 -64.332304
 910 - -0.349902 214.946500
 911 - 137.338455 -122.321511
 912 - -106.892216 -163.016568
 913 - 113.335431 135.072492
 914 - -169.819773 -91.609351
 915 - 54.413622 -146.757122
 916 - 144.122538 267.433256
 917 - 124.258079 -274.289779
 918 - -191.200510 -109.898069
 919 - 123.366861 275.230710
 920 - -160.165971 384.367524
 921 - -124.215203 136.103205
 922 - -249.379728 338.138887
 923 - 403.073352 445.229409
 924 - -278.079090 499.831403
 925 - 230.517306 81.553398
 926 - 249.258337 44.253477
 927 - 185.513603 86.400603
 928 - 286.015786 292.901147
 929 - 191.711386 59.493557
 930 - 41.972779 12.381450
 931 - 225.354688 196.327145
 932 - 19.535570 318.548186
 933 - 390.097013 18.099361
 934 - 89.092576 41.447061
 935 - -133.349287 -145.701295
 936 - 403.570422 136.434084
 937 - -131.108672 -49.084297
 938 - -181.363936 443.360405
 939 - 310.246166 276.729685
 940 - 180.755681 -157.300901
 941 - 223.392761 66.266239
 942 - 181.399718 75.552495
 943 - -188.933629 45.562719
 944 - -90.815363 212.481778
 945 - 234.854718 -180.464741
 946 - 297.858506 -123.539196
 947 - -155.554392 35.164841
 948 - 365.397744 190.553128
 949 - 302.295530 133.509454
 950 - 487.492314 -25.933978
 951 - -131.582316 284.192378
 952 - 503.363239 347.211170
 953 - 234.850524 -213.454916
 954 - 362.456838 -26.350292
 955 - 487.457272 -149.986472
 956 - 160.928557 62.434272
 957 - 207.901880 -8.160498
 958 - -14.820474 162.250119
 959 - 218.817931 -44.007757
 960 - 162.035839 57.693759
 961 - 25.241027 66.419332
 962 - 176.880043 -9.549077
 963 - -106.211606 74.622139
 964 - -76.905647 135.983894
 965 - -33.323904 -107.498308
 966 - -33.872607 -40.283588
 967 - 187.256425 -108.308013
 968 - -41.991185 2.494498
 969 - -9.738367 161.767075
 970 - 202.003789 214.270828
 971 - -31.295838 -6.968083
 972 - 128.263735 221.042703
 973 - 216.359683 131.565467
 974 - 245.534760 61.432822
 975 - -61.688929 8.553034
 976 - -38.369133 -41.628296
 977 - -37.352777 129.562484
 978 - 136.502599 -120.592708
 979 - -54.798398 99.490580
 980 - -1.442484 -28.433644
 981 - 105.124959 138.933517
 982 - 97.817906 -2.742633
 983 - 259.743599 81.843149
 984 - -25.525651 -133.839818
 985 - 226.127330 64.892106
 986 - -78.515899 -25.630847
 987 - 168.575866 89.053178
 988 - -0.918901 -139.336682
 989 - 127.405525 162.315552
 990 - 210.643150 -88.633881
 991 - -46.527003 90.993091
 992 - 38.557899 71.211796
 993 - 76.784823 198.128020
 994 - 92.267880 16.816864
 995 - 94.322445 200.555687
 996 - -1.054845 -78.176880
 997 - -93.938660 26.861091
 998 - -68.523396 -71.002375
 999 - -42.340862 75.122323
1000 - 19.003481 126.887812
1001 - -62.719078 3.567961
1002 - 198.217817 181.511139
1003 - -61.222337 194.783622
1004 - 192.474758 89.709559
