-10.000000 -98998.000000
-9.900000 -94126.705990
-9.800000 -89448.887680
-9.700000 -84958.729570
-9.600000 -80650.533760
-9.500000 -76518.718750
-9.400000 -72557.818240
-9.300000 -68762.479930
-9.200000 -65127.464320
-9.100000 -61647.643510
-9.000000 -58318.000000
-8.900000 -55133.625490
-8.800000 -52089.719680
-8.700000 -49181.589070
-8.600000 -46404.645760
-8.500000 -43754.406250
-8.400000 -41226.490240
-8.300000 -38816.619430
-8.200000 -36520.616320
-8.100000 -34334.403010
-8.000000 -32254.000000
-7.900000 -30275.524990
-7.800000 -28395.191680
-7.700000 -26609.308570
-7.600000 -24914.277760
-7.500000 -23306.593750
-7.400000 -21782.842240
-7.300000 -20339.698930
-7.200000 -18973.928320
-7.100000 -17682.382510
-7.000000 -16462.000000
-6.900000 -15309.804490
-6.800000 -14222.903680
-6.700000 -13198.488070
-6.600000 -12233.829760
-6.500000 -11326.281250
-6.400000 -10473.274240
-6.300000 -9672.318430
-6.200000 -8921.000320
-6.100000 -8216.982010
-6.000000 -7558.000000
-5.900000 -6941.863990
-5.800000 -6366.455680
-5.700000 -5829.727570
-5.600000 -5329.701760
-5.500000 -4864.468750
-5.400000 -4432.186240
-5.300000 -4031.077930
-5.200000 -3659.432320
-5.100000 -3315.601510
-5.000000 -2998.000000
-4.900000 -2705.103490
-4.800000 -2435.447680
-4.700000 -2187.627070
-4.600000 -1960.293760
-4.500000 -1752.156250
-4.400000 -1561.978240
-4.300000 -1388.577430
-4.200000 -1230.824320
-4.100000 -1087.641010
-4.000000 -958.000000
-3.900000 -840.922990
-3.800000 -735.479680
-3.700000 -640.786570
-3.600000 -556.005760
-3.500000 -480.343750
-3.400000 -413.050240
-3.300000 -353.416930
-3.200000 -300.776320
-3.100000 -254.500510
-3.000000 -214.000000
-2.900000 -178.722490
-2.800000 -148.151680
-2.700000 -121.806070
-2.600000 -99.237760
-2.500000 -80.031250
-2.400000 -63.802240
-2.300000 -50.196430
-2.200000 -38.888320
-2.100000 -29.580010
-2.000000 -22.000000
-1.900000 -15.901990
-1.800000 -11.063680
-1.700000 -7.285570
-1.600000 -4.389760
-1.500000 -2.218750
-1.400000 -0.634240
-1.300000 0.484070
-1.200000 1.239680
-1.100000 1.720490
-1.000000 2.000000
-0.900000 2.138510
-0.800000 2.184320
-0.700000 2.174930
-0.600000 2.138240
-0.500000 2.093750
-0.400000 2.053760
-0.300000 2.024570
-0.200000 2.007680
-0.100000 2.000990
-0.000000 2.000000
0.100000 1.999010
0.200000 1.992320
0.300000 1.975430
0.400000 1.946240
0.500000 1.906250
0.600000 1.861760
0.700000 1.825070
0.800000 1.815680
0.900000 1.861490
1.000000 2.000000
1.100000 2.279510
1.200000 2.760320
1.300000 3.515930
1.400000 4.634240
1.500000 6.218750
1.600000 8.389760
1.700000 11.285570
1.800000 15.063680
1.900000 19.901990
2.000000 26.000000
2.100000 33.580010
2.200000 42.888320
2.300000 54.196430
2.400000 67.802240
2.500000 84.031250
2.600000 103.237760
2.700000 125.806070
2.800000 152.151680
2.900000 182.722490
3.000000 218.000000
3.100000 258.500510
3.200000 304.776320
3.300000 357.416930
3.400000 417.050240
3.500000 484.343750
3.600000 560.005760
3.700000 644.786570
3.800000 739.479680
3.900000 844.922990
4.000000 962.000000
4.100000 1091.641010
4.200000 1234.824320
4.300000 1392.577430
4.400000 1565.978240
4.500000 1756.156250
4.600000 1964.293760
4.700000 2191.627070
4.800000 2439.447680
4.900000 2709.103490
5.000000 3002.000000
5.100000 3319.601510
5.200000 3663.432320
5.300000 4035.077930
5.400000 4436.186240
5.500000 4868.468750
5.600000 5333.701760
5.700000 5833.727570
5.800000 6370.455680
5.900000 6945.863990
6.000000 7562.000000
6.100000 8220.982010
6.200000 8925.000320
6.300000 9676.318430
6.400000 10477.274240
6.500000 11330.281250
6.600000 12237.829760
6.700000 13202.488070
6.800000 14226.903680
6.900000 15313.804490
7.000000 16466.000000
7.100000 17686.382510
7.200000 18977.928320
7.300000 20343.698930
7.400000 21786.842240
7.500000 23310.593750
7.600000 24918.277760
7.700000 26613.308570
7.800000 28399.191680
7.900000 30279.524990
8.000000 32258.000000
8.100000 34338.403010
8.200000 36524.616320
8.300000 38820.619430
8.400000 41230.490240
8.500000 43758.406250
8.600000 46408.645760
8.700000 49185.589070
8.800000 52093.719680
8.900000 55137.625490
9.000000 58322.000000
9.100000 61651.643510
9.200000 65131.464320
9.300000 68766.479930
9.400000 72561.818240
9.500000 76522.718750
9.600000 80654.533760
9.700000 84962.729570
9.800000 89452.887680
9.900000 94130.705990
10.000000 99002.000000
