1000 1
1.303138e-03
7.520550e-04
-1.727394e-04
7.549127e-04
2.077183e-05
6.467757e-05
-3.695817e-04
5.380556e-04
-3.681393e-04
-9.831977e-05
5.473942e-04
8.707390e-04
2.481131e-04
1.384622e-03
1.887674e-04
7.138187e-04
1.106825e-03
3.064905e-04
1.914812e-04
-1.697135e-04
3.249379e-04
1.152845e-03
9.242214e-04
-7.247133e-05
6.953049e-04
-2.115073e-04
4.991228e-04
1.458283e-04
2.002776e-04
2.546581e-04
2.714628e-04
2.480553e-04
6.802991e-04
1.150710e-03
5.486906e-04
-2.931826e-04
1.206892e-03
6.599577e-06
1.297865e-03
-2.140537e-04
1.461117e-03
5.117027e-04
1.118471e-03
1.280857e-03
2.060630e-04
7.871102e-06
2.333018e-04
3.663709e-04
2.392409e-04
1.365429e-03
8.528374e-04
-1.553686e-04
-2.871036e-04
1.070248e-03
-2.735159e-04
9.264558e-04
1.165634e-03
1.770068e-04
-1.653033e-04
3.438924e-04
1.207941e-03
-1.678352e-04
-8.798890e-05
-3.621622e-04
1.025075e-03
7.884853e-06
5.357091e-04
1.082451e-03
1.005513e-03
8.599281e-04
1.274080e-03
1.209997e-03
3.745012e-04
1.245606e-03
9.453722e-04
-1.563913e-04
-1.083420e-04
2.438761e-04
8.628433e-05
6.669969e-04
9.958208e-04
8.034217e-04
1.326243e-03
1.227544e-03
-1.633657e-04
1.256672e-03
5.855844e-05
-1.501996e-04
3.549045e-04
-3.229427e-04
3.411145e-04
4.797178e-04
-9.406778e-05
2.158652e-04
8.905424e-04
4.452342e-04
-3.290463e-04
1.771667e-05
2.333283e-04
4.247726e-04
5.976913e-04
1.053035e-03
5.057498e-05
1.027915e-03
-3.774486e-04
1.197937e-03
4.835113e-04
3.699431e-04
8.788805e-04
1.013769e-03
3.631167e-04
-3.603498e-04
-3.195932e-04
3.319983e-05
1.376116e-03
7.685552e-04
1.326157e-03
5.618407e-04
7.384943e-04
-1.640514e-04
3.056745e-04
-3.005811e-04
1.199720e-03
5.041435e-06
-2.531143e-04
1.119266e-03
-9.953020e-05
4.587602e-04
5.716300e-04
2.735201e-04
1.278148e-04
1.309884e-03
3.698115e-04
2.349240e-04
-1.858509e-04
-7.658626e-06
1.159322e-03
-1.291036e-04
-5.867336e-05
5.742697e-04
-3.734978e-04
-3.672553e-04
8.773505e-04
1.210562e-03
4.753839e-04
1.215687e-03
3.204781e-04
9.895280e-04
7.376826e-04
4.193510e-04
5.649771e-04
-1.341168e-04
7.960495e-04
1.213746e-04
4.460663e-04
1.192152e-03
-3.567920e-04
1.210400e-05
3.291370e-04
2.561016e-04
1.132108e-03
9.091347e-04
1.230305e-03
1.382194e-03
9.997473e-04
2.659996e-04
3.850443e-04
8.069395e-04
7.945761e-04
1.136929e-04
1.164429e-03
5.139208e-04
2.744535e-04
6.600319e-04
8.338186e-04
3.282848e-05
6.351190e-04
1.013734e-03
-2.066986e-05
-2.184322e-04
4.425558e-04
-2.631026e-04
1.196187e-04
-1.920584e-04
4.063878e-04
-1.179740e-04
3.755452e-04
1.213721e-03
3.430111e-04
1.073001e-03
4.737379e-04
-2.851541e-05
-2.952126e-04
9.466414e-05
4.096707e-04
1.270698e-04
4.821382e-04
2.501024e-04
1.194866e-03
2.469554e-04
-1.679881e-04
1.297293e-03
1.336578e-03
6.589747e-04
1.821264e-04
-1.445284e-04
1.069011e-03
-1.842901e-04
-1.570903e-04
5.518417e-05
6.877090e-04
5.440224e-05
3.329433e-05
3.541491e-04
5.570421e-05
-3.682328e-05
-3.909270e-04
-3.146004e-04
5.531362e-04
-2.120897e-04
1.057149e-03
-2.894896e-04
9.487687e-04
-1.493847e-04
4.952850e-04
3.082965e-04
-1.780385e-04
4.732181e-06
8.047711e-05
4.967341e-04
6.130470e-04
-7.786133e-05
4.321542e-06
-4.314989e-05
9.982290e-04
7.626178e-04
-1.570159e-04
8.124055e-04
3.843474e-04
9.654183e-04
9.305917e-04
5.458101e-04
6.568505e-05
-2.643326e-04
5.426641e-04
-2.671550e-05
3.391414e-04
1.069851e-03
6.129609e-04
7.405715e-04
3.600099e-04
6.774018e-04
4.644679e-04
1.182536e-03
1.227016e-03
7.059855e-04
4.090525e-04
9.034822e-04
5.045189e-04
1.297867e-03
7.451554e-04
5.277162e-04
9.808385e-04
4.466511e-04
6.025670e-04
8.667566e-04
4.822896e-04
1.193530e-03
5.838110e-04
1.316494e-03
6.959422e-04
1.331069e-03
1.120975e-03
1.296396e-04
-2.079983e-04
6.995890e-04
6.607606e-04
1.241995e-03
1.028697e-03
2.783074e-04
4.421806e-04
-4.348357e-04
-2.705068e-04
5.738053e-04
3.231238e-04
-3.737069e-04
1.714742e-04
-1.967772e-04
1.183857e-03
1.311840e-03
9.202186e-05
1.425682e-03
4.692268e-04
5.828140e-04
-5.795321e-05
8.695829e-04
3.464863e-04
1.316256e-04
1.058054e-03
1.631240e-04
8.683227e-04
-1.582457e-04
-3.599547e-04
1.157776e-04
9.549113e-04
1.291851e-03
1.325582e-03
6.806801e-04
2.672306e-05
1.087562e-03
8.903944e-04
8.995427e-04
1.127485e-03
-3.805796e-04
1.214486e-03
-4.074196e-04
1.465840e-03
-6.151636e-05
1.186935e-03
-1.338441e-04
8.659249e-04
8.844846e-05
-7.092677e-06
-3.840204e-04
4.945900e-04
6.223561e-04
9.439064e-04
7.285579e-04
1.033555e-03
6.689425e-04
3.364871e-04
-3.881344e-04
1.370290e-04
4.977246e-04
6.237756e-04
1.233739e-03
6.394611e-05
-4.535614e-05
7.311861e-04
7.152555e-04
9.847253e-04
9.106300e-04
-3.994792e-04
-4.804299e-05
-3.117613e-04
6.578080e-04
-3.009942e-05
-3.216883e-05
1.285017e-04
4.969011e-04
1.137920e-03
4.467459e-04
6.311221e-05
5.886586e-04
-1.556198e-04
-1.406176e-04
4.692154e-04
-2.272570e-04
1.425197e-04
7.130447e-04
7.834420e-04
1.094856e-03
-9.965200e-05
-3.018897e-04
1.290746e-03
1.212784e-03
7.456496e-04
5.285646e-04
6.734216e-04
-2.547639e-04
2.232973e-04
-7.276249e-05
1.318436e-03
-1.581022e-04
-3.142812e-04
3.080098e-04
-4.905476e-05
1.995435e-04
2.799779e-04
1.423344e-04
9.186494e-04
3.247722e-04
8.928386e-04
8.653818e-06
7.454669e-04
1.190041e-03
5.153319e-05
7.751770e-05
3.476383e-04
6.253630e-04
1.825919e-04
-4.202631e-04
1.451943e-03
6.120764e-04
4.920885e-04
1.197657e-03
8.761125e-04
1.544169e-04
2.738441e-04
1.274253e-06
5.347749e-04
6.939695e-05
3.055685e-04
8.680427e-04
7.961436e-04
-3.954098e-04
1.184203e-03
-6.849678e-05
3.308844e-04
6.662595e-04
-4.055040e-04
3.065255e-04
-3.557291e-04
1.105702e-03
-3.821267e-04
9.318024e-04
2.291936e-04
4.538396e-04
4.236876e-04
-1.916192e-04
5.013487e-04
5.585577e-04
7.856096e-04
-2.960732e-04
1.316900e-03
2.670613e-04
-2.035722e-04
6.963023e-04
4.532326e-04
1.379787e-03
8.264635e-04
7.235001e-04
5.261760e-04
7.397623e-04
-1.081637e-04
-2.718460e-04
-3.652155e-04
5.119670e-04
-4.141616e-05
3.621470e-04
1.292721e-03
4.109599e-04
1.154390e-03
-6.867405e-05
1.350661e-03
4.517584e-05
-4.963399e-05
3.791698e-04
9.986811e-04
1.463067e-03
-2.051394e-04
1.480541e-04
-1.816147e-05
1.063080e-03
1.247805e-03
-2.781101e-04
6.514163e-04
7.546839e-04
2.656491e-04
4.435900e-05
9.028725e-04
1.648832e-04
1.115174e-03
1.188409e-03
-4.716808e-05
1.324291e-03
-4.337088e-04
1.012869e-03
-2.717031e-05
1.088394e-03
-3.346500e-04
6.314490e-04
-1.589340e-04
1.209057e-03
1.251846e-03
2.192919e-04
1.373998e-04
2.711169e-04
3.437829e-04
-3.597702e-04
-3.913456e-04
-1.473574e-04
1.070169e-03
9.352503e-05
1.168779e-03
2.328658e-04
1.236568e-03
9.824977e-04
1.130555e-03
-1.789379e-05
6.589949e-05
1.094344e-03
-1.832400e-04
2.501678e-05
1.251506e-03
1.024416e-03
1.178028e-03
1.242251e-04
1.415265e-04
1.125491e-03
7.876153e-04
1.207834e-03
3.693752e-05
-3.855723e-04
1.165268e-03
4.867892e-04
1.183316e-03
8.837082e-04
2.575187e-04
-3.856664e-05
1.071596e-03
6.023241e-04
5.614315e-04
1.611890e-04
8.053342e-04
1.906511e-04
6.422462e-05
-2.518866e-04
1.028467e-05
6.322842e-04
7.073784e-04
1.188221e-03
7.381726e-04
1.192549e-03
1.036699e-03
7.031987e-04
-2.105972e-04
4.788054e-04
-1.336660e-04
1.904814e-04
-5.076365e-05
-1.369847e-04
6.726483e-04
1.100323e-03
1.358050e-03
-3.028282e-04
1.234762e-03
-3.429987e-04
-2.283837e-04
-1.965487e-04
3.296389e-04
8.080948e-04
7.626995e-04
8.422034e-04
-2.964458e-05
-3.134971e-04
1.278604e-04
1.323701e-04
1.229694e-03
8.295267e-05
2.852084e-04
-2.186166e-04
5.406312e-05
7.597180e-04
7.755180e-04
3.158054e-04
-5.556173e-05
4.676938e-04
-2.374550e-04
-4.071407e-04
6.342510e-06
-1.286019e-04
6.632268e-04
-9.168467e-05
9.436291e-04
4.079903e-04
9.690058e-04
1.174911e-03
6.392276e-04
1.881728e-04
8.507948e-04
1.309561e-03
1.054869e-03
-3.936727e-04
9.027686e-04
-3.887899e-04
2.230107e-04
-1.562220e-05
5.724858e-04
1.186215e-03
1.547273e-04
5.512822e-04
-2.501161e-04
2.209127e-05
1.399695e-03
-2.298514e-05
-3.301943e-04
1.031393e-03
-3.550735e-04
1.401318e-04
1.150273e-03
1.109405e-03
2.540456e-04
7.091540e-04
-4.116226e-04
6.644536e-04
1.048255e-03
2.811153e-04
9.756409e-04
2.983847e-05
8.448294e-04
9.887536e-04
1.038460e-03
7.008751e-04
6.399565e-04
1.234035e-04
-1.531313e-04
3.348779e-04
6.833859e-04
7.068006e-05
2.895084e-04
1.154952e-03
1.053196e-03
-2.263102e-04
3.451304e-04
1.536234e-04
2.247994e-04
4.454536e-05
1.384369e-04
-9.087309e-06
1.137516e-03
1.246816e-03
-1.306498e-04
1.040178e-03
-2.500756e-04
-6.415950e-05
6.045962e-04
-8.682714e-05
-4.835720e-05
1.068035e-03
3.961465e-04
1.196405e-03
6.469676e-04
2.561307e-04
8.806964e-04
1.431111e-03
-3.530489e-04
4.259414e-04
1.228134e-03
1.272804e-03
4.153810e-04
1.016751e-03
5.434377e-04
1.064476e-03
1.030634e-03
5.781174e-04
5.759970e-04
-5.337145e-05
3.761498e-04
-1.869736e-04
-3.760204e-04
1.227437e-03
1.134133e-03
5.604594e-04
3.758289e-04
7.623833e-04
1.755383e-04
7.225677e-04
9.426243e-04
-2.963610e-05
1.349412e-03
1.238434e-03
-3.542485e-04
9.816748e-04
9.580374e-04
-3.933390e-04
1.023089e-03
1.482989e-03
-2.439324e-04
1.006396e-03
1.001180e-03
1.002561e-04
1.435038e-03
7.959521e-04
-4.449060e-05
8.870847e-04
8.394012e-04
2.483243e-04
1.200110e-03
4.551631e-04
1.400841e-03
1.305771e-03
-3.529002e-04
4.272098e-04
9.961801e-05
1.191466e-03
-2.526909e-04
-3.075032e-04
1.509357e-03
8.035190e-04
1.300947e-03
-1.624809e-04
-3.381236e-04
4.841381e-04
8.354278e-04
-1.265216e-04
9.587749e-04
1.001621e-03
-3.433087e-04
-3.257569e-04
-2.120073e-04
6.831088e-04
-2.691062e-04
5.961499e-04
8.107426e-04
-1.194173e-04
9.817860e-04
1.064383e-03
5.690556e-04
1.289297e-03
1.221627e-03
1.133346e-03
6.006550e-04
9.135237e-04
-1.699062e-04
8.405227e-04
1.585405e-04
1.025833e-03
4.640677e-04
3.698874e-04
1.610476e-04
-1.575837e-04
-3.538917e-04
-4.690734e-05
8.575126e-04
6.326962e-04
7.264232e-04
-7.226323e-05
2.663183e-04
1.006818e-03
1.192583e-03
6.404843e-05
1.359322e-03
-4.110511e-04
-3.236810e-04
-3.368443e-04
-6.027043e-05
3.312617e-04
6.844276e-04
9.985220e-04
-2.322314e-04
7.412117e-04
1.811331e-04
7.676209e-04
1.181077e-03
2.740266e-05
1.143197e-03
6.364990e-04
4.549238e-04
-2.778489e-05
-1.549514e-04
5.016715e-04
4.722452e-04
9.495858e-04
4.900337e-04
1.039642e-04
9.086610e-04
7.974597e-04
1.035641e-03
3.643086e-04
1.307855e-03
7.619092e-04
4.636630e-04
1.066441e-03
-2.467160e-04
1.304070e-03
-2.847914e-04
-1.039025e-04
-7.851490e-05
9.535004e-04
1.224591e-03
-3.205240e-04
1.006118e-03
1.245738e-03
6.947395e-04
9.718507e-04
7.415436e-04
-2.652859e-04
3.520732e-04
5.002144e-04
-2.373260e-04
6.549310e-04
8.946299e-04
-6.538774e-05
1.901676e-04
-4.710656e-05
-4.114193e-04
1.245233e-03
1.051493e-03
2.882026e-06
3.379603e-04
4.419796e-04
5.136644e-04
3.290734e-04
1.021878e-04
8.613468e-04
7.568153e-04
1.048749e-03
-2.893590e-04
1.134621e-03
-3.180506e-04
-3.012397e-04
1.281588e-03
3.534039e-04
1.296803e-03
9.036523e-04
7.881498e-04
2.011757e-04
-1.349030e-04
1.063665e-03
7.635760e-05
-2.500242e-04
4.382716e-04
4.145030e-04
5.296860e-04
4.552919e-04
1.294006e-03
6.761203e-04
7.417106e-04
1.148439e-03
8.249247e-04
3.431971e-04
1.368447e-03
1.015687e-03
-5.246001e-05
1.137182e-03
2.160687e-04
2.824297e-04
8.704756e-04
6.131829e-04
6.505571e-05
1.260129e-03
1.150772e-03
1.230082e-03
1.114822e-03
6.219244e-04
9.474073e-04
4.652115e-04
4.699478e-04
8.384644e-04
1.910116e-04
-2.517273e-04
7.034513e-04
-3.522099e-04
5.630205e-04
-3.013200e-04
-8.604532e-05
3.444929e-04
1.884747e-04
1.182507e-03
1.271590e-03
-2.038430e-04
8.010365e-04
3.411142e-04
1.270534e-04
4.907703e-04
5.475637e-04
2.982382e-04
1.310882e-03
1.371516e-03
6.949630e-04
-6.113190e-05
-2.265557e-04
3.647449e-04
2.636975e-04
1.542481e-03
9.827874e-04
-1.401885e-04
6.160859e-04
5.222756e-04
-3.455414e-05
-6.568148e-05
1.100224e-03
-2.519211e-04
1.209018e-03
-1.577840e-04
2.302850e-05
-1.582524e-04
1.293511e-03
-4.145253e-04
6.791508e-04
5.792940e-04
-3.640452e-04
5.553293e-04
5.597181e-05
1.207064e-03
1.080347e-03
8.299577e-04
4.839714e-04
1.388769e-03
4.676961e-04
1.070835e-03
5.105874e-04
5.978967e-04
9.779377e-04
1.225053e-04
1.331670e-03
1.668609e-05
8.120221e-04
-1.226220e-04
1.120404e-03
9.897389e-05
1.929337e-04
-6.835643e-05
1.418521e-03
3.072346e-04
1.219500e-03
1.093754e-03
-3.957533e-04
1.396989e-03
4.305103e-04
4.463589e-04
3.844434e-04
2.801555e-04
9.926159e-04
4.987212e-04
1.448437e-03
1.106029e-03
7.907330e-04
8.160080e-04
1.200277e-03
-2.468549e-04
1.205011e-03
-2.536995e-04
-3.313184e-04
6.958884e-04
2.279584e-05
-3.680565e-04
1.027580e-04
1.135190e-03
-2.879029e-04
-4.155827e-04
6.088137e-04
8.482901e-04
1.759856e-04
-3.515506e-04
3.826749e-04
5.236579e-04
1.224671e-03
8.979476e-04
-2.492838e-04
1.052718e-03
-9.512194e-05
1.247361e-03
-3.831174e-04
1.530188e-04
9.514200e-04
4.508244e-04
9.440711e-05
-6.293659e-05
-3.652209e-04
1.466202e-04
7.388609e-04
8.016899e-04
-6.281064e-05
9.278527e-04
9.828452e-04
-4.214919e-05
8.401100e-05
3.601687e-04
3.606844e-05
-1.376152e-04
7.674626e-04
-1.568791e-04
-2.739701e-05
6.841043e-04
4.723209e-04
-4.424314e-04
1.111726e-03
-1.921635e-04
3.705832e-04
1.218561e-03
3.958486e-04
8.055327e-04
-9.484783e-05
4.681043e-04
7.845362e-04
7.517239e-04
1.158294e-05
-3.174220e-04
7.178838e-04
1.360042e-03
1.244739e-03
3.118227e-04
2.789803e-04
-6.201778e-06
2.974087e-04
2.205959e-04
8.695674e-04
9.377949e-04
-1.132283e-04
1.062372e-03
1.208526e-03
7.475478e-04
1.178347e-03
1.781732e-04
6.334234e-04
8.002754e-04
1.005486e-03
5.239755e-05
