5000 1
-9.563180e+02
-2.546080e+03
0.000000e+00
0.000000e+00
8.639812e+02
-1.408359e+03
7.610620e+02
-3.198458e+03
0.000000e+00
0.000000e+00
-6.492852e+01
-7.742109e+01
-3.725530e+01
-3.510308e+03
-7.797289e+02
-2.969978e+03
-5.233924e+02
-2.825396e+03
-4.813611e+02
-3.230348e+03
-6.217219e+02
-1.396365e+03
-5.899867e+01
-3.275025e+03
8.051493e+00
-3.651485e+03
-1.029640e+03
-1.912983e+03
-6.736623e+02
-3.121727e+03
5.362635e+02
-3.172781e+03
4.948252e+02
-2.783043e+03
-3.488004e+02
-1.293375e+03
6.170457e+02
-1.268198e+03
-7.602597e+02
-1.445344e+03
1.060137e+03
-2.395872e+03
8.534126e+02
-1.868185e+03
-6.952860e+01
-5.333391e+02
1.442775e+02
-3.582006e+03
6.937891e+01
-3.556056e+03
6.667083e+01
-3.671083e+03
7.222736e+02
-3.237513e+03
-4.301717e+02
-2.208807e+03
-4.147505e+02
-3.174046e+03
-5.909630e+02
-2.384358e+03
-1.766622e+02
-1.082198e+03
-6.080651e+02
-1.838902e+03
3.750656e+02
-3.474955e+03
-6.077958e+01
-9.199814e+02
6.930734e+02
-1.303051e+03
3.440251e+02
-3.369808e+03
1.030056e+03
-2.699742e+03
-9.403593e+02
-2.599019e+03
3.114112e+02
-1.773325e+03
6.871255e+02
-1.918856e+03
3.510536e+02
-3.426366e+03
-1.221178e+02
-1.275096e+03
-4.383533e+02
-1.307465e+03
1.024625e+02
-8.742486e+01
-9.530302e+01
-3.610078e+03
1.370114e+02
-3.649256e+03
3.034760e+02
-3.036765e+03
-1.366047e+02
-3.493271e+03
6.303256e+02
-2.836816e+03
-5.077553e+02
-1.998703e+03
1.122534e+03
-2.519380e+03
6.823259e+02
-2.421875e+03
-9.943353e+02
-1.754087e+03
1.156560e+03
-1.867093e+03
-6.646530e+02
-2.111946e+03
6.642714e+02
-1.621387e+03
2.600680e+02
-9.847097e+02
3.983171e+02
-2.527364e+03
3.144859e+02
-2.125102e+03
2.607855e+02
-3.589044e+03
-1.522055e+02
-3.481519e+03
-2.515283e+02
-3.404545e+03
1.059107e+03
-1.657604e+03
-1.652094e+02
-1.906915e+02
-9.057590e+02
-1.568556e+03
-7.363314e+02
-2.870982e+03
9.113613e+01
-1.534523e+03
1.482756e+02
-8.431377e+02
4.447173e+02
-3.369861e+03
-2.781136e+02
-1.508224e+03
-2.865571e+02
-2.439610e+03
7.297319e+01
-3.688007e+03
7.778279e+02
-1.857362e+03
2.716144e+01
-3.633890e+03
1.665718e+00
-1.077917e+03
9.807048e+02
-1.524451e+03
4.742708e+02
-1.903975e+03
-2.485615e+02
-2.378129e+03
1.298315e+02
-2.970834e+03
1.995838e+02
-3.544561e+03
-1.687142e+02
-1.915456e+03
2.559955e+02
-1.342039e+03
-4.822055e+02
-1.488141e+03
-1.113994e+02
-4.543615e+02
-8.550561e+02
-2.767604e+03
6.910883e+02
-2.182877e+03
5.824966e+02
-1.236127e+03
3.994302e+02
-2.804395e+03
5.595068e+02
-3.369207e+03
2.039733e+02
-3.507616e+03
-1.017822e+03
-2.285009e+03
1.153484e+03
-2.384364e+03
-1.042273e+03
-2.089208e+03
-8.378837e+02
-2.561978e+03
-2.537974e+02
-1.631495e+03
-9.612979e+01
-4.888806e+02
-5.622688e+02
-2.616767e+03
-4.407417e+02
-3.340784e+03
3.976820e+02
-1.408964e+03
-8.140907e+02
-2.855337e+03
4.623372e+02
-3.425637e+03
-7.781601e+01
-3.458756e+03
-4.343708e+02
-2.833152e+03
4.948848e+02
-1.518885e+03
-4.811621e+02
-3.059743e+03
1.114155e+02
-2.739595e+03
0.000000e+00
0.000000e+00
0.000000e+00
0.000000e+00
-9.805108e+02
-1.953593e+03
3.426709e+02
-5.073459e+02
1.188234e+03
-2.105695e+03
-3.471380e+02
-2.266806e+03
3.867590e+02
-2.108424e+03
4.451830e+02
-2.378807e+03
3.688388e+02
-1.088432e+03
3.008712e+02
-3.318469e+03
3.765316e+02
-3.300551e+03
1.071398e+02
-2.141709e+03
5.693059e+02
-1.518839e+03
6.622031e+02
-2.639139e+03
-5.645025e+02
-1.314191e+03
1.453184e+02
-3.350101e+03
1.105914e+03
-1.637118e+03
9.328106e+02
-1.634244e+03
1.476505e+01
-7.755791e+02
-6.074604e+02
-2.127679e+03
1.029180e+02
-3.658326e+03
-2.268503e+02
-3.174989e+03
-2.400639e+02
-2.749200e+03
-9.465051e+01
-2.696182e+03
6.035664e+02
-2.029170e+03
7.123359e+02
-1.435321e+03
1.032751e+02
-3.186542e+03
-9.659077e+02
-2.265098e+03
3.625437e+01
-3.638571e+03
-1.783555e+01
-9.717925e+02
1.135343e+02
-1.023545e+03
6.836699e+02
-2.333660e+03
-6.509066e+01
-2.495788e+03
2.043948e+02
-2.959647e+03
-2.524663e+02
-3.459646e+03
4.757051e+02
-1.167245e+03
3.403146e+02
-1.525338e+03
-7.572076e+02
-2.273939e+03
3.116076e+01
-3.676622e+03
-3.201616e+01
-3.430558e+03
6.103155e+02
-1.960082e+03
2.365656e+01
-3.658220e+03
8.311124e+01
-6.682144e+02
6.293953e+01
-3.303599e+03
1.290378e+02
-3.574967e+03
3.297404e+02
-3.022012e+03
-4.852308e+02
-1.589836e+03
-5.507431e+02
-2.056252e+03
6.546725e+02
-2.219954e+03
2.309746e+02
-3.313882e+03
-4.430589e+02
-2.210421e+03
4.668085e+02
-2.460649e+03
4.097633e+01
-2.893869e+03
4.513075e+02
-3.414120e+03
-7.431623e+01
-2.893146e+03
5.137485e+02
-2.289322e+03
2.629041e+02
-3.380975e+03
1.446710e+02
-3.424914e+03
3.948404e+02
-3.463031e+03
-5.043316e+02
-2.625910e+03
8.814163e+01
-2.984299e+03
8.297000e+01
-3.603153e+03
-8.698198e+02
-2.656860e+03
2.791044e+02
-1.926559e+03
-2.851084e+01
-3.597222e+03
6.011685e+01
-1.471417e+03
-5.919378e+02
-2.764138e+03
4.914258e+02
-1.345546e+03
-3.257644e+02
-2.059857e+03
-4.187941e+02
-1.827560e+03
9.477657e+02
-2.082219e+03
4.635926e+01
-2.057083e+03
9.579639e+01
-3.680689e+03
3.948719e+01
-3.650893e+03
-1.904823e+02
-3.120013e+03
3.796800e+02
-2.650875e+03
-1.688209e+02
-1.372235e+03
8.549368e+02
-3.049696e+03
3.579791e+02
-1.129137e+03
1.500330e+02
-4.674565e+02
5.534068e+01
-3.637728e+03
-8.670806e+02
-2.002816e+03
2.568023e+02
-1.226854e+03
-6.878606e+01
-5.867693e+02
-2.283898e+02
-2.195658e+03
-3.309969e+01
-3.511421e+03
4.260235e+02
-3.005540e+03
3.550745e+02
-3.249828e+03
3.241808e+02
-3.100061e+03
5.835586e+02
-2.697204e+03
3.624941e+02
-1.325718e+03
-2.097535e+02
-1.210061e+03
4.225060e+02
-2.380497e+03
2.483131e+02
-3.391089e+03
8.551465e+02
-1.537109e+03
2.301707e+02
-2.351540e+03
3.104084e+02
-3.492140e+03
1.032633e+02
-3.674180e+03
9.237013e+02
-2.400909e+03
2.232851e+02
-3.565948e+03
-1.733922e+02
-3.275446e+03
3.995145e+02
-3.166554e+03
5.497264e+02
-2.386802e+03
-6.736990e+01
-3.540709e+03
2.896521e+02
-3.289188e+03
-5.082723e+02
-2.401171e+03
5.067958e+01
-3.586968e+03
7.884981e+02
-2.080059e+03
1.063095e+02
-3.137763e+03
-2.082595e+02
-2.112885e+03
-2.413345e+02
-3.483462e+03
-5.502979e+02
-1.513455e+03
9.816224e+01
-3.506018e+03
-4.440239e+02
-2.694425e+03
4.749707e+02
-3.033130e+03
4.906134e+01
-3.442829e+03
2.296121e+01
-2.951468e+03
3.473584e+02
-3.490457e+03
7.824052e+01
-3.612890e+03
1.804695e+02
-9.629054e+02
3.328866e+02
-2.905620e+03
3.409245e+02
-2.481901e+03
-6.474535e+02
-2.641889e+03
-4.958235e+01
-3.567028e+03
1.704634e+02
-3.386975e+02
7.985949e+02
-3.157874e+03
2.161696e+02
-3.573020e+03
-6.857225e+02
-1.989974e+03
-4.856998e+02
-2.187949e+03
-1.695244e+02
-3.505941e+03
-5.515256e+02
-3.210498e+03
6.151249e+02
-3.289178e+03
-6.329349e+02
-2.867971e+03
3.446814e+02
-3.425414e+03
9.764748e+01
-3.533952e+03
9.099065e+00
-3.624020e+03
1.606716e+02
-3.084595e+03
-8.245703e+02
-2.398323e+03
-4.215425e+02
-1.646771e+03
1.078250e+03
-2.504395e+03
7.348038e+02
-1.610717e+03
5.468448e+01
-3.343908e+03
-2.146915e+02
-1.125276e+03
6.678481e+02
-2.653692e+03
-3.272222e+02
-3.157602e+03
4.576152e+02
-1.856023e+03
-4.078036e+02
-2.990257e+03
3.827318e+02
-2.683918e+03
-8.084589e+02
-1.746264e+03
6.464807e+02
-2.104812e+03
5.328028e+02
-2.555252e+03
-4.339137e+02
-2.396639e+03
-1.872741e+02
-1.282490e+03
-4.016032e+02
-3.282037e+03
2.255948e+02
-3.516137e+03
-5.182965e+02
-1.380082e+03
8.192598e+02
-1.760430e+03
6.008031e+02
-1.869956e+03
-1.330683e+02
-3.052647e+03
-4.089690e+02
-3.044007e+03
9.777585e+01
-1.896835e+03
-9.842341e+01
-3.483671e+03
5.852646e+02
-1.360046e+03
-1.543666e+01
-3.588680e+03
1.076189e+02
-3.587305e+03
6.803418e+01
-3.640163e+03
-1.220522e+02
-1.593745e+02
-7.327112e+02
-2.151652e+03
2.671906e+01
-8.602032e+02
2.608687e+02
-3.521006e+03
-3.171597e+02
-2.321350e+03
-3.383835e+02
-3.410396e+03
-3.537645e+01
-3.619458e+03
-1.042322e+02
-3.344281e+03
-5.409569e+01
-2.295394e+03
4.424320e+02
-1.921785e+03
-2.655336e+01
-3.548562e+03
5.338213e+02
-2.796630e+03
7.997176e+02
-2.906956e+03
1.653347e+02
-3.459323e+03
1.811069e+02
-2.589482e+03
1.097244e+00
-2.603831e+03
7.004303e+02
-1.916700e+03
7.247163e+01
-3.685642e+03
-2.936019e+01
-3.643345e+03
-7.842054e+01
-1.606519e+03
2.098542e+02
-3.598114e+03
2.191406e+02
-3.516439e+03
-1.129703e+02
-3.596565e+03
2.752244e+02
-3.564027e+03
-3.152848e+02
-3.376009e+03
-2.780541e+02
-3.407351e+03
-3.288312e+01
-2.723911e+03
-2.598966e+02
-3.073824e+03
-7.302052e+02
-1.539346e+03
-8.205911e+01
-3.011949e+03
-5.243360e+02
-1.801966e+03
7.576779e+01
-2.367179e+03
1.410676e+02
-1.162469e+03
-1.361996e+02
-3.294839e+03
7.401980e+01
-3.674795e+03
2.562766e+02
-8.688470e+02
-7.657789e+02
-2.716236e+03
-2.889155e+01
-3.463269e+03
-6.483257e+02
-2.308763e+03
3.268886e+02
-1.843125e+03
2.531523e+02
-3.205732e+03
-9.265290e+01
-1.126395e+03
3.501399e+02
-1.191158e+03
-3.593533e+02
-1.397189e+03
1.865301e+02
-3.588127e+03
1.057753e+03
-2.590176e+03
5.455968e+02
-3.043968e+03
-9.212523e+02
-2.477490e+03
3.092639e+02
-2.468197e+03
-1.838290e+02
-2.350327e+03
1.026449e+03
-1.790904e+03
5.231823e+02
-2.940709e+03
9.803801e+01
-7.449588e+02
-8.491447e+02
-1.896845e+03
-5.583288e+02
-2.664017e+03
6.665968e+02
-2.816336e+03
2.914271e+02
-2.804046e+03
3.929254e+01
-3.142307e+03
-3.042808e+02
-3.167683e+03
1.118260e+03
-2.252808e+03
-1.192708e+01
-3.430347e+03
-3.227845e+02
-1.802267e+03
-3.277718e+02
-2.976501e+03
2.082131e+02
-3.497909e+03
1.980288e+00
-3.599663e+03
-7.245770e+02
-2.985199e+03
6.418766e+01
-3.669055e+03
1.153091e+02
-8.599472e+02
-4.993238e+02
-3.283572e+03
5.376788e+02
-3.373300e+03
-2.948029e+02
-2.766837e+03
-3.734823e+02
-1.571469e+03
-2.583593e+02
-6.492289e+02
1.823891e+02
-3.726424e+02
-7.535015e+00
-3.650668e+03
-7.104557e+02
-3.073056e+03
-9.214611e+01
-3.554460e+03
5.574539e+02
-3.110639e+03
9.886116e+01
-2.219473e+03
1.987102e+02
-3.424534e+03
1.344878e+02
-3.269404e+03
4.599698e+02
-3.384439e+03
1.878243e+02
-2.731341e+03
-6.364469e+02
-1.568333e+03
-8.764614e+01
-1.614547e+03
4.269644e+02
-2.202257e+03
-5.854950e+02
-1.796147e+03
8.772598e+01
-3.644930e+03
4.471900e+01
-3.582473e+03
-5.420137e+01
-3.558250e+03
1.698807e+01
-3.632229e+03
-2.844984e+02
-3.368455e+03
2.475426e+02
-2.297850e+03
6.011023e+02
-3.265892e+03
2.264237e+02
-2.128768e+03
-5.466484e+01
-3.318692e+03
-6.262311e+01
-1.444203e+03
-1.033987e+02
-3.531500e+03
3.072844e+02
-3.130244e+03
7.413731e+02
-2.880464e+03
-2.251339e+01
-3.597296e+03
-5.990110e+02
-1.420493e+03
-5.565544e+02
-1.901662e+03
-1.336006e+02
-3.483343e+03
7.105125e+01
-3.680238e+03
-4.030002e+01
-3.247172e+03
-1.412905e+02
-3.522994e+03
1.892161e+01
-7.858169e+02
1.189468e+02
-1.235835e+03
-4.002877e+02
-1.282855e+03
1.177062e+02
-2.853793e+03
-6.524881e+01
-3.569822e+03
2.204768e+02
-3.615941e+03
3.907899e+02
-3.440557e+03
3.381110e+02
-3.518948e+03
2.564303e+02
-2.811479e+03
-2.698333e+02
-1.356742e+03
7.811214e+02
-2.680035e+03
-3.996589e+02
-2.678399e+03
-6.523203e+02
-3.011589e+03
1.724648e+02
-2.544226e+03
-4.407326e+02
-1.233720e+03
-2.812792e+02
-2.800363e+03
2.482366e+01
-1.885696e+03
-3.086507e+02
-3.305689e+03
7.074623e+01
-3.688125e+03
8.745173e+01
-2.594531e+03
2.099927e+02
-3.341329e+03
8.876451e+02
-2.525372e+03
-7.362448e+02
-2.392483e+03
-6.296256e+02
-2.431897e+03
9.677292e+01
-3.570404e+03
1.624417e+01
-3.560173e+03
-2.610722e+02
-2.896634e+03
-5.578727e+02
-2.900153e+03
-1.663275e+02
-2.760495e+03
1.040329e+02
-3.645839e+03
-1.452221e+02
-1.106157e+03
5.326294e+02
-1.729698e+03
-1.349900e+02
-3.789179e+02
1.699085e+01
-3.597877e+03
3.893192e+02
-1.140206e+03
2.167064e+02
-2.974790e+03
1.108534e+03
-1.993302e+03
-8.711379e+02
-1.515930e+03
-2.401275e+02
-2.583936e+03
-5.904173e+02
-2.127855e+03
1.093157e+02
-3.622221e+03
4.397210e+02
-2.895644e+03
-3.583714e+02
-1.776482e+03
1.986026e+02
-3.623660e+03
3.053453e+02
-3.506531e+03
1.990878e+02
-1.497981e+03
2.773415e+02
-2.672871e+03
5.424028e+02
-2.992080e+03
2.741024e+02
-2.969662e+03
-7.384367e+02
-2.571404e+03
8.450160e+02
-2.742348e+03
1.075879e-01
-9.792209e+02
3.287172e+02
-3.500002e+03
4.054623e+01
-2.756337e+03
-1.673754e+02
-1.582852e+03
-1.850209e+02
-3.291499e+03
1.401471e+01
-3.610939e+03
1.955197e+02
-1.815716e+03
-3.356033e+01
-3.588021e+03
1.087237e+02
-3.649968e+03
4.441378e+01
-3.610037e+03
-4.988940e+02
-3.143809e+03
9.885321e+02
-2.871714e+03
-8.081810e-01
-6.628345e+02
-1.160867e+02
-4.299850e+02
1.659560e+01
-1.665496e+03
5.077462e+02
-3.243333e+03
6.491285e+01
-3.628868e+03
2.667064e+02
-3.490527e+03
-3.083343e+01
-1.408172e+03
2.719053e+02
-3.432118e+03
-6.037156e+02
-3.108673e+03
-1.777331e+02
-1.765107e+03
-8.548813e+02
-1.565960e+03
3.881347e+02
-3.306394e+03
-9.615987e+02
-2.356321e+03
8.030581e+01
-3.682804e+03
-7.689848e+02
-2.020204e+03
3.141973e+02
-3.384997e+03
-1.481109e+02
-8.443572e+02
1.904683e+02
-1.645803e+03
5.000858e+02
-2.573979e+03
-9.812021e+02
-2.073129e+03
3.466822e+02
-1.204476e+03
1.622754e+02
-3.385121e+03
6.521835e+02
-3.089391e+03
2.945248e+02
-3.506088e+03
-2.419871e+01
-2.341072e+03
-1.894134e+02
-1.277445e+03
-1.638415e+02
-3.488547e+03
-5.489431e+02
-2.521989e+03
1.863851e+01
-3.501052e+03
7.882650e+01
-3.675695e+03
-8.573458e+02
-2.272422e+03
5.450653e+02
-2.020049e+03
-5.825009e+01
-3.079690e+03
7.485123e+02
-1.340341e+03
8.328295e+01
-3.666224e+03
1.397099e+02
-3.304426e+03
1.057157e+03
-1.903587e+03
-8.910511e+02
-1.794403e+03
1.865336e+01
-3.317654e+03
9.434212e+02
-2.723206e+03
-1.780089e+02
-3.361231e+03
-7.920728e+01
-3.563586e+03
5.137268e+01
-3.657186e+03
5.154946e+02
-2.167848e+03
-3.142030e+02
-3.252195e+03
-6.914254e+02
-1.823043e+03
1.883888e+02
-3.114435e+03
-3.698437e+02
-2.651534e+03
-1.486952e+02
-3.445466e+03
3.837718e+02
-3.422472e+03
-3.100886e+02
-3.274005e+03
7.770244e+02
-2.431098e+03
-4.244138e+02
-2.940975e+03
1.216336e+01
-3.502450e+03
7.994063e+02
-2.231464e+03
-5.756586e+01
-3.569182e+03
-2.672579e+02
-3.032423e+03
-4.845317e+00
-3.569006e+03
5.668898e+01
-3.686466e+03
-9.734867e+02
-1.677740e+03
-4.913033e+02
-2.339657e+03
6.093809e+01
-3.538300e+03
2.513923e+02
-1.599314e+03
2.432020e+02
-3.117760e+03
5.727360e+02
-3.184783e+03
5.985058e+02
-2.696298e+03
-5.092702e+02
-1.809878e+03
8.278859e+01
-3.671557e+03
5.915928e+01
-3.517702e+03
4.588780e+02
-2.760806e+03
1.389156e+02
-3.623127e+03
-6.501698e+01
-1.967281e+03
-4.087201e+02
-1.988509e+03
2.204337e+01
-3.207157e+03
1.229304e+02
-3.640250e+03
-1.937897e+02
-2.554190e+03
-2.801099e+01
-3.352332e+03
5.812201e+01
-3.594141e+03
1.197997e+02
-3.626171e+03
-9.796789e+02
-2.145395e+03
-5.068359e+02
-2.563021e+03
1.969201e+02
-3.267401e+03
-2.420570e+01
-2.746827e+03
1.608171e+02
-3.602599e+03
7.481712e+01
-3.676903e+03
-2.370070e+02
-2.351105e+03
9.002306e+01
-3.664298e+03
-6.059575e+02
-1.993623e+03
5.232291e+02
-3.351714e+03
4.246105e+02
-9.568528e+02
6.674765e+01
-3.689005e+03
-2.024357e+02
-3.401519e+03
2.926535e+01
-3.665927e+03
3.576105e+02
-1.966840e+03
-2.147470e+02
-3.447828e+03
-9.929943e+01
-2.183290e+03
-1.782858e+02
-2.972914e+03
4.261176e+02
-3.338765e+03
5.358619e+02
-3.265026e+03
6.716845e+01
-3.472371e+03
5.751884e+01
-3.666908e+03
7.429689e+02
-3.130280e+03
-3.248629e+02
-2.903621e+03
-1.192543e+02
-3.509089e+03
-3.971876e+01
-1.193795e+03
1.286989e+02
-3.532942e+03
-2.628195e+02
-1.219804e+03
4.965634e+01
-3.675476e+03
3.343760e+02
-3.201053e+03
2.780945e+02
-3.528272e+03
4.659958e+02
-1.637814e+03
2.866080e+02
-3.526621e+03
2.512226e+02
-3.271829e+03
5.674035e+02
-1.535297e+03
3.975290e+02
-2.937077e+03
6.507408e+02
-3.012913e+03
1.523189e+02
-3.618490e+03
1.503938e+01
-3.237181e+03
5.811727e+02
-2.873107e+03
-1.859395e+02
-2.564970e+03
-6.182368e+02
-1.707515e+03
6.471559e+02
-1.685094e+03
3.543314e+02
-2.241046e+03
3.004431e+02
-1.355746e+03
-1.371460e+02
-3.504834e+03
2.493580e+02
-1.002513e+03
6.891456e+01
-3.679093e+03
-5.625238e+02
-2.384562e+03
-3.340240e+02
-2.465648e+03
6.428104e+02
-2.547618e+03
2.372521e+02
-3.541497e+03
-4.084968e+02
-3.116652e+03
1.550105e+02
-3.540236e+03
1.060935e+02
-3.367498e+03
-3.022169e+02
-3.081113e+03
-1.328498e+02
-3.198816e+03
9.676567e+01
-3.643325e+03
-7.121142e+01
-1.886715e+03
1.996819e+02
-1.765754e+02
4.350945e+02
-3.081594e+03
2.426066e+01
-3.405310e+03
6.991236e+01
-3.616225e+03
1.082827e+02
-3.444103e+03
-5.259714e+02
-1.094143e+03
1.819900e+02
-2.087493e+03
4.231752e+02
-1.287365e+03
-4.915176e+02
-1.442921e+03
-1.928699e+02
-3.485876e+03
3.509335e+02
-3.270495e+03
-3.865754e+01
-3.641781e+03
-5.018393e+02
-3.073915e+03
-7.541027e+01
-2.579361e+03
-8.248762e+02
-2.126851e+03
-2.244420e+02
-1.509253e+03
1.373945e+02
-2.429859e+03
-8.605243e+02
-1.620410e+03
1.014778e+03
-1.676596e+03
1.379956e+02
-3.066365e+03
7.924094e+02
-1.454011e+03
-1.806503e+01
-3.021898e+03
-4.646623e+02
-2.807134e+03
4.441410e+02
-2.623240e+03
4.965610e+02
-3.207906e+03
2.388107e+02
-3.552158e+03
7.511372e+02
-3.049863e+03
1.309379e+02
-3.635275e+03
6.504706e+02
-1.452559e+03
-2.008726e+02
-2.896132e+03
2.872710e+02
-1.057653e+03
9.905438e+01
-3.669896e+03
8.022563e+01
-3.643304e+03
-9.108821e+01
-2.845555e+03
-2.770950e+02
-1.888648e+03
9.938920e+02
-2.176510e+03
-9.249551e+02
-2.121588e+03
7.093076e+01
-2.709904e+03
3.577787e+02
-2.181894e+03
8.688863e+02
-2.011177e+03
-1.408416e+01
-1.319246e+03
6.466002e+00
-3.016121e+03
-3.175693e+02
-1.276081e+03
7.088618e+02
-2.102736e+03
1.932492e+02
-2.889991e+03
-3.694483e+02
-2.500987e+03
4.381094e+02
-1.763971e+03
-2.981525e+02
-1.672786e+03
9.256926e+02
-2.600282e+03
-1.897479e+02
-1.975316e+03
-4.279012e+02
-1.356216e+03
5.617738e+02
-1.439128e+03
-3.568683e+02
-9.920951e+02
2.923498e+02
-6.071348e+02
-4.075885e+02
-2.160613e+03
4.633178e+02
-3.131513e+03
-2.643971e+02
-3.267774e+03
1.747874e+02
-3.559213e+03
3.478074e+02
-3.198975e+03
-6.758575e+02
-2.727197e+03
1.637481e+02
-3.582466e+03
5.716689e+02
-2.639653e+03
-2.579121e+02
-3.451689e+03
-2.209347e+02
-3.258190e+03
3.412457e+02
-1.824030e+03
1.240918e+02
-3.599951e+03
-3.348160e+02
-2.851087e+03
4.758077e+02
-1.231805e+03
-1.277060e+02
-3.365594e+03
1.967483e+02
-3.586254e+03
-5.249095e+02
-3.181934e+03
6.113888e+02
-2.373005e+03
5.813510e+01
-3.665668e+03
1.175465e+02
-3.601697e+03
2.547035e+01
-3.435944e+03
9.666253e+02
-1.897985e+03
-6.164010e+01
-9.572102e+02
-4.420007e+02
-1.707298e+03
1.290810e+02
-1.756134e+03
1.419182e+02
-2.864133e+03
1.989585e+02
-3.432052e+03
-3.688826e+02
-3.374885e+03
1.565159e+02
-1.473402e+03
1.601275e+02
-3.639850e+03
2.094795e+02
-3.560966e+03
2.870669e+02
-2.338423e+03
-8.317694e+01
-3.593018e+03
-9.350910e+01
-3.455910e+03
-3.331345e+02
-2.132836e+03
4.430557e+01
-2.233923e+03
8.504399e+02
-2.853424e+03
5.640376e+02
-2.881008e+03
1.912227e+02
-1.194281e+03
8.359760e+01
-6.217005e+02
-1.560169e+02
-2.034577e+03
-3.925079e+02
-3.240021e+03
-4.959108e+01
-3.529553e+03
-4.030030e+02
-2.829563e+03
6.303390e+01
-3.657549e+03
-4.041713e+02
-2.029301e+03
4.968799e+01
-3.553713e+03
-7.768525e+02
-1.847106e+03
5.088819e+02
-2.907974e+03
-2.416454e+02
-3.462836e+03
2.376143e+02
-3.534911e+03
-1.797232e+02
-2.734451e+03
4.132779e+02
-3.230833e+03
7.068435e+02
-1.551392e+03
-4.791784e+02
-2.954825e+03
-8.694448e+02
-2.802098e+03
3.781960e+01
-3.652469e+03
-1.752505e+02
-3.545981e+03
1.113854e+02
-3.670746e+03
3.018837e+02
-3.320795e+03
-7.647923e+02
-2.767709e+03
2.455749e+02
-3.363610e+03
8.755248e+02
-2.324659e+03
-1.447247e+02
-2.908882e+03
-7.940185e+01
-3.163040e+03
-6.230475e+02
-2.955739e+03
3.785595e+02
-3.105764e+03
1.385363e+02
-1.543941e+03
1.311780e+02
-2.129535e+03
7.795339e+02
-1.928983e+03
-9.256279e+02
-2.328938e+03
2.341778e+02
-3.484393e+03
8.875944e+01
-3.570271e+03
3.494319e+02
-1.612160e+03
-1.102983e+02
-2.351793e+03
2.372860e+02
-2.489058e+03
-5.795910e+01
-3.489273e+03
8.514810e+02
-1.710536e+03
-9.550265e+01
-3.173808e+03
5.690284e+02
-2.503262e+03
4.668383e+01
-3.682724e+03
7.523657e+02
-2.591677e+03
-1.828459e+02
-3.370212e+03
7.744175e+02
-3.147661e+03
-9.393842e+02
-1.916850e+03
1.690192e+00
-7.518367e+02
-1.858724e+02
-2.795463e+03
3.721145e+02
-3.402140e+03
1.341782e+02
-3.174115e+03
7.906343e+00
-2.879976e+03
3.618569e+02
-2.561179e+03
-9.670834e+01
-1.379090e+03
6.428358e+01
-3.665720e+03
1.993621e+02
-2.927403e+03
-1.990616e+02
-1.563882e+03
6.149165e+01
-3.113501e+03
1.277991e+02
-2.706684e+03
8.492369e+01
-3.660687e+03
1.945279e+02
-3.584265e+03
1.117079e+03
-2.120723e+03
1.338930e+02
-1.725463e+03
3.892203e+01
-3.650617e+03
2.783142e+02
-2.871177e+03
1.359381e+02
-3.622452e+03
2.945341e+02
-3.500120e+03
-5.514368e+02
-1.701962e+03
-1.079298e+01
-2.104752e+03
-3.187365e+02
-3.380631e+03
-1.218166e+02
-3.482678e+03
9.651067e+02
-2.829681e+03
2.672123e+02
-3.556873e+03
-2.820155e+02
-2.597414e+03
4.226961e+00
-3.543672e+03
4.091842e+02
-1.510423e+03
1.504440e+02
-5.832816e+02
-7.420925e+02
-2.497233e+03
-1.373719e+02
-3.524435e+03
-5.189627e+02
-1.587766e+03
3.250857e+02
-3.479497e+03
-2.770792e+02
-3.144031e+03
1.005724e+03
-2.419062e+03
-1.955018e+02
-3.100196e+03
8.317457e+01
-1.039258e+03
1.739809e+01
-8.782009e+02
2.170395e+01
-1.955556e+03
2.417718e+01
-3.669790e+03
-1.883182e+01
-3.290281e+03
1.709460e+01
-3.580682e+03
1.037732e+02
-3.016576e+03
1.984004e+02
-9.092168e+02
-6.319625e+02
-2.503585e+03
-4.926586e+02
-2.059026e+03
9.217725e+01
-3.608889e+03
-8.423547e+01
-3.353608e+03
4.528987e+02
-3.356611e+03
5.826860e+02
-2.263520e+03
4.362526e+02
-2.767340e+03
1.602748e+02
-3.602695e+03
8.399153e+02
-3.029337e+03
-6.103840e+02
-1.462483e+03
1.974664e+02
-2.717026e+03
-8.554758e+01
-2.544900e+03
2.613768e+02
-3.156030e+03
1.607426e+02
-3.213119e+03
8.208244e+01
-3.675550e+03
5.049568e+02
-2.264365e+03
2.370420e+02
-3.519326e+03
4.213302e+02
-3.276266e+03
7.766441e+01
-3.688130e+03
1.382125e+02
-3.506106e+03
7.051654e+02
-1.758907e+03
-6.584295e+02
-1.862732e+03
-2.706282e+02
-3.360937e+03
5.953876e+02
-2.409715e+03
-2.722709e+02
-3.341646e+03
-1.936049e+02
-3.467441e+03
5.181009e+02
-2.067706e+03
1.407116e+02
-3.484067e+03
-6.474451e+02
-1.447242e+03
7.006136e+01
-3.682796e+03
6.741339e+02
-1.986593e+03
5.432391e+02
-1.646964e+03
7.653818e+01
-3.322015e+03
3.525251e+02
-3.383465e+03
-2.850543e+02
-1.279603e+03
7.506805e+01
-7.746765e+02
2.678412e+01
-2.479758e+03
1.058516e+02
-2.522946e+03
3.185965e+01
-3.518555e+03
-2.479225e+02
-1.380811e+03
-3.577006e+02
-1.541527e+03
-5.040209e+02
-2.786887e+03
-2.516981e+02
-2.108667e+03
5.194032e+02
-3.109123e+03
9.438145e+02
-1.742116e+03
-8.600329e+01
-2.941925e+03
-4.266669e+02
-1.500542e+03
-3.876057e+02
-2.969015e+03
1.657693e+02
-2.376342e+03
-2.127986e+02
-3.265983e+03
-1.947504e+02
-1.644107e+03
6.960262e+01
-2.875884e+03
4.986996e+02
-2.728044e+03
1.019056e+02
-3.412382e+03
1.940374e+02
-3.216288e+03
3.692571e+02
-3.000538e+03
-4.800120e+02
-2.469411e+03
5.695102e+02
-1.722046e+03
-6.825507e+01
-1.694590e+03
2.986231e+02
-2.545962e+03
4.582884e+02
-1.999425e+03
2.088285e+02
-3.572558e+03
-1.988979e+02
-3.516215e+03
5.593923e+02
-3.167059e+03
2.985056e+02
-3.517535e+03
5.599849e+02
-2.985774e+03
3.644800e+01
-3.678850e+03
3.913542e+02
-2.009417e+03
-2.563545e+02
-2.284397e+03
5.156597e+02
-1.243833e+03
5.626575e+02
-3.287688e+03
1.886400e+02
-3.632380e+03
3.984490e+02
-1.358869e+03
-1.344427e+02
-1.795475e+03
-2.729853e+01
-3.526911e+03
1.291488e+02
-3.603961e+03
2.552172e+02
-1.795380e+03
-9.763364e+01
-3.549233e+03
-9.262535e+01
-3.240808e+03
-3.598655e+02
-2.595759e+03
1.235246e+02
-3.631465e+03
2.581297e+01
-3.630066e+03
8.205128e+01
-3.684914e+03
-7.203850e+02
-1.709128e+03
-2.092454e+02
-3.475243e+03
-3.097652e+02
-1.534887e+03
3.433096e+02
-2.742429e+03
2.578540e+02
-3.527085e+03
-1.252392e+02
-2.718688e+03
8.462131e+02
-2.437063e+03
-1.110851e+02
-2.092302e+03
1.426498e+02
-3.544585e+03
2.312281e+01
-3.636479e+03
-3.949103e+02
-3.086038e+03
7.527944e+01
-3.494902e+03
6.441973e+02
-2.479385e+03
-3.275307e+02
-2.309059e+03
1.790559e+02
-1.935745e+03
6.086389e+02
-2.790399e+03
-5.238887e+01
-3.557597e+03
4.644995e+02
-2.164271e+03
8.209269e+01
-1.025013e+03
1.048128e+03
-2.054228e+03
-8.089097e+02
-1.548994e+03
-5.907993e+01
-3.577014e+03
-5.826398e+02
-1.610572e+03
-3.134757e+02
-3.351242e+03
3.322434e+02
-2.315037e+03
1.166380e+02
-3.670200e+03
-3.792474e+02
-1.948909e+03
7.052466e+02
-2.813680e+03
-4.077427e+02
-2.355952e+03
-5.648328e+02
-2.603892e+03
4.496526e+01
-3.626891e+03
-3.606100e+02
-3.036523e+03
-2.014854e+01
-3.604152e+03
-1.674284e+02
-3.234179e+03
8.167027e+01
-3.559525e+03
2.580147e+02
-2.539409e+03
-2.567580e+02
-1.706924e+03
5.911949e+02
-3.003226e+03
-4.701400e+02
-1.857011e+03
2.137482e+01
-3.572277e+03
2.829312e+01
-1.770304e+03
6.420379e+02
-3.176107e+03
-1.619128e+02
-3.409827e+03
1.773654e+02
-1.036169e+03
5.081394e+02
-3.385099e+03
7.349122e+02
-2.331101e+03
-9.887922e+01
-5.587957e+02
8.362891e+02
-2.561394e+03
6.037234e+01
-2.520530e+03
4.068354e+01
-1.387073e+03
-6.559651e+02
-1.800079e+03
2.052545e+02
-3.077918e+03
1.924494e+02
-2.782254e+02
1.713250e+02
-2.029960e+02
1.630463e+02
-4.241906e+02
1.972958e+02
-3.279730e+02
1.504135e+01
-3.623273e+03
2.775808e+02
-1.926001e+03
-4.308432e+01
-8.781897e+02
1.223849e+02
-2.592425e+03
2.889983e+02
-3.430162e+03
6.366472e+02
-1.829026e+03
3.103592e+02
-3.484285e+03
-1.414071e+01
-3.199935e+03
6.905933e+02
-2.054545e+03
7.134488e+01
-3.649537e+03
7.947932e+02
-1.701575e+03
3.834828e+02
-3.114227e+03
8.460292e+02
-2.912011e+03
-1.494175e+02
-3.506073e+03
2.423284e+02
-2.687194e+03
-2.069125e+01
-3.593244e+03
9.221011e+01
-3.653670e+03
2.088035e+02
-3.471051e+03
-1.540688e+02
-3.546455e+03
-1.869776e+02
-3.217665e+03
2.462502e+02
-2.268809e+03
1.086198e+03
-2.648086e+03
8.908388e+01
-3.669457e+03
7.028611e+01
-3.424816e+03
-2.620203e+02
-2.999606e+03
-7.058945e+01
-1.139586e+03
-2.792418e+02
-3.419567e+03
-3.405307e+01
-2.031008e+03
7.442182e+01
-3.689475e+03
2.759053e+02
-1.542788e+03
-1.347737e+02
-1.148436e+03
-5.318058e+02
-2.199052e+03
4.017420e+02
-3.452809e+03
-3.043415e-02
-3.596894e+03
4.695206e+02
-1.457393e+03
-4.582332e+02
-1.647443e+03
-1.233336e+02
-2.280621e+03
6.305090e+02
-1.621078e+03
-9.857933e+00
-3.455984e+03
6.935590e+01
-3.672128e+03
-1.918702e+02
-2.896963e+03
3.141087e+02
-3.457281e+03
-2.207124e+02
-3.356261e+03
-6.893123e+02
-1.422085e+03
-5.320763e+02
-2.221249e+03
-2.078229e+02
-1.133711e+03
1.001947e+02
-3.637033e+03
8.418051e+02
-2.187856e+03
3.270420e+02
-2.845915e+03
-3.528646e+02
-1.674063e+03
0.000000e+00
0.000000e+00
-3.477947e+02
-3.213784e+03
1.407418e+01
-3.635566e+03
-6.396392e+02
-2.236793e+03
5.286697e+02
-1.203482e+03
-4.015654e+01
-5.733168e+02
3.602052e+02
-3.469938e+03
3.696400e+02
-3.471204e+03
1.774653e+02
-3.557253e+03
-8.024372e+02
-1.644603e+03
1.176373e+03
-2.245434e+03
1.284810e+02
-5.047275e+02
1.139810e+02
-5.594528e+02
-4.720780e+02
-3.279400e+03
1.128073e+02
-3.658036e+03
2.637040e+02
-1.074153e+03
-3.260137e+02
-1.407059e+03
-1.079571e+02
-3.540061e+03
5.723817e+02
-1.056834e+03
2.810233e+02
-2.980673e+03
-5.346252e+02
-2.999360e+03
3.824773e+01
-3.604558e+03
1.398866e+02
-1.347282e+03
4.657947e+02
-3.190836e+03
6.581458e+01
-3.684292e+03
3.362662e+02
-2.779541e+03
1.372201e+02
-3.615281e+03
7.628778e+01
-3.681751e+03
7.005637e+02
-1.367124e+03
4.701463e-01
-1.680596e+03
4.556200e+02
-1.525087e+03
1.763844e+02
-2.291094e+03
4.545688e+02
-1.182484e+03
4.899080e+02
-3.136011e+03
-4.305017e+01
-2.879721e+03
-5.782568e+02
-2.503716e+03
2.969707e+02
-2.032221e+03
8.652702e+01
-3.625415e+03
-2.046338e+02
-1.251721e+03
-6.116156e+02
-3.166201e+03
6.534688e+02
-2.879897e+03
-4.530712e+02
-2.983327e+03
1.576542e+02
-3.597817e+03
4.542748e+01
-2.601268e+03
1.963384e+02
-3.568553e+03
-4.770391e+02
-1.714670e+03
-3.769434e+02
-2.730064e+03
2.911396e+02
-1.720431e+03
3.478490e+02
-3.475951e+03
1.052765e+02
-3.559964e+03
-8.119855e+02
-2.915633e+03
-2.487622e+01
-8.793795e+02
-2.231676e+01
-8.527041e+02
-7.120749e+01
-3.442171e+03
-4.168803e+02
-3.172780e+03
5.892103e+01
-3.647619e+03
-1.630760e+02
-3.053196e+03
1.111935e+03
-2.345530e+03
-1.943114e+02
-2.181737e+03
5.909063e+02
-3.333668e+03
1.003735e+02
-3.657567e+03
1.040827e+03
-1.581607e+03
9.823546e+02
-1.595863e+03
5.427352e+02
-1.643930e+03
1.438839e+02
-3.642110e+03
-9.711506e+02
-2.492357e+03
-8.786995e+02
-2.574485e+03
-8.601415e+02
-2.500636e+03
5.189412e+02
-2.942684e+03
6.099400e+02
-2.928571e+03
-4.056814e+02
-2.459445e+03
2.625994e+02
-1.307841e+03
2.919932e+02
-1.268446e+03
-3.248367e+02
-3.304761e+03
-2.965441e+02
-3.433905e+03
-9.287914e+02
-1.731883e+03
1.046329e+02
-1.220260e+03
2.125380e+02
-3.618364e+03
1.704571e+02
-3.642038e+03
4.109034e+02
-3.424945e+03
-1.530787e+02
-3.396762e+03
9.917100e+02
-2.272378e+03
3.085212e+02
-3.375579e+03
5.245787e+02
-3.024307e+03
6.826925e+02
-2.519286e+03
3.005419e+02
-3.090221e+03
-9.850497e+00
-2.147761e+03
1.183946e+02
-2.057449e+03
-2.915432e+02
-2.970138e+03
4.607910e+02
-2.527205e+03
2.191268e+02
-3.551969e+03
-1.604527e+02
-2.653456e+02
5.754058e+02
-2.145542e+03
3.276612e+01
-3.389231e+03
-4.025979e+01
-2.477159e+03
-4.409432e+02
-1.719938e+03
-6.014490e+02
-1.679160e+03
-2.193227e+02
-3.452118e+03
7.898625e+01
-3.501197e+03
-1.010107e+02
-3.428054e+03
9.002578e+02
-2.712623e+03
-4.900751e+01
-2.867381e+03
5.699735e+01
-3.608501e+03
1.201220e+02
-3.632047e+03
9.003404e+01
-8.527084e+02
4.048637e+02
-1.635909e+03
-4.447594e+02
-2.587511e+03
6.046916e+02
-1.319929e+03
5.578896e+02
-1.278651e+03
1.198057e+02
-1.642988e+03
6.325360e+01
-3.673719e+03
3.243461e+02
-3.493155e+03
-9.427560e+02
-1.837563e+03
-1.012784e+03
-1.832824e+03
6.654834e+00
-3.422951e+03
6.482691e+01
-2.820871e+03
-2.094026e+02
-3.480859e+03
-2.910040e+02
-3.436741e+03
5.303860e+02
-2.720939e+03
-6.865870e+02
-1.487122e+03
6.995547e+01
-3.688303e+03
2.217393e+01
-9.674751e+02
-1.247364e+02
-3.224180e+02
-1.071217e+02
-1.725168e+02
3.226697e+02
-1.472236e+03
-3.834149e+02
-3.246952e+03
4.487775e+02
-3.031105e+03
2.110477e+02
-3.289944e+03
-3.376639e+01
-3.639378e+03
-7.176614e+02
-2.336211e+03
-4.794989e+02
-2.696546e+03
6.278743e+02
-3.073038e+03
-7.674506e+01
-3.527045e+03
-7.660182e+02
-1.590945e+03
-7.702660e+02
-1.502921e+03
-8.365302e+02
-1.464646e+03
1.088394e+02
-6.249715e+02
1.261231e+02
-6.593798e+02
1.476193e+02
-5.075001e+02
1.598690e+02
-4.070908e+02
1.633879e+02
-4.571493e+02
0.000000e+00
0.000000e+00
1.396227e+02
-1.629247e+02
3.449334e+01
-3.620908e+03
3.602623e+02
-3.358901e+03
4.678906e+02
-2.353498e+03
1.879939e+02
-3.589308e+03
8.619179e+00
-3.658526e+03
-4.392491e+01
-2.586414e+03
-1.575325e+01
-3.237878e+03
9.563082e+00
-3.290084e+03
1.648005e+02
-3.528106e+03
1.670141e+02
-3.441355e+03
3.142715e+02
-1.039550e+03
2.203915e+02
-3.412026e+03
-2.472298e+02
-1.881831e+03
1.675700e+02
-3.275415e+03
1.423729e+02
-3.581928e+03
-6.028085e+02
-2.852787e+03
7.067688e+02
-2.986576e+03
-1.341941e+02
-3.574085e+03
-1.610914e+02
-3.567476e+03
2.432605e+02
-2.209413e+03
-4.764380e+02
-1.329400e+03
-4.814022e+02
-1.392527e+03
-6.364712e+02
-3.118633e+03
-6.532468e+02
-3.070815e+03
6.947751e+02
-3.228018e+03
3.727270e+02
-2.573123e+03
3.307592e+02
-1.133226e+03
3.050230e+02
-1.152306e+03
5.762450e+02
-3.352178e+03
5.005322e+02
-3.401629e+03
-1.863369e+01
-3.500124e+03
8.415438e+01
-3.276493e+03
1.147549e+03
-2.049663e+03
1.875077e+02
-3.364530e+03
2.999662e+02
-2.899365e+03
6.969269e+01
-3.582106e+03
4.369117e+02
-2.197618e+03
4.405918e+02
-2.060147e+03
-2.657809e+02
-2.764445e+03
-1.860380e+02
-1.458253e+03
-1.944136e+01
-1.583929e+03
-9.247939e+01
-3.247755e+03
-2.765262e+01
-7.089634e+02
5.619964e+02
-1.875072e+03
-2.544839e+02
-1.162912e+03
-5.496893e+01
-3.614305e+03
7.515614e+02
-1.404868e+03
7.516030e+02
-1.466452e+03
6.474806e+01
-3.689274e+03
-2.721166e+02
-3.222445e+03
-4.482222e+02
-3.238194e+03
-2.122859e+02
-2.397906e+03
-7.972283e+02
-1.906227e+03
-6.456137e+02
-2.976498e+03
-5.957685e+02
-3.036086e+03
2.233361e+02
-3.080738e+03
7.491663e+02
-2.061416e+03
7.474576e+02
-2.135741e+03
-6.809372e+02
-2.583924e+03
-7.586553e+02
-2.908341e+03
-5.232482e+02
-2.023541e+03
-1.187965e+02
-3.487597e+03
3.256139e+02
-3.462252e+03
6.967396e+02
-2.749568e+03
2.389741e+02
-2.688489e+03
5.188823e+02
-1.302015e+03
-4.499221e+02
-8.431314e+02
-2.238143e+02
-8.126189e+02
-1.284412e+02
-6.295104e+02
-1.334170e+02
-4.165976e+02
-3.066831e+02
-5.347263e+02
1.041071e+03
-2.762007e+03
-4.726076e+02
-2.478236e+03
-4.593618e+02
-2.878818e+03
-4.991651e+02
-2.922233e+03
-9.146921e+02
-2.417177e+03
-9.973453e+02
-2.382484e+03
5.038448e+02
-2.855407e+03
4.484019e+02
-3.337452e+03
1.731132e+02
-3.526794e+03
3.163988e+02
-1.299564e+03
4.709793e+02
-1.352710e+03
6.465343e+02
-1.452464e+03
6.087147e+01
-3.654640e+03
5.867339e+02
-2.499148e+03
-2.291019e+02
-2.899389e+03
-5.212316e+02
-2.101807e+03
-3.681970e+02
-2.134162e+03
-2.069183e+02
-3.421479e+03
-5.200157e+02
-3.287616e+03
4.910855e+01
-7.622241e+02
2.340151e+01
-6.669954e+02
1.086339e+02
-3.660486e+03
-3.295472e+02
-2.748682e+03
8.046766e+02
-1.375489e+03
7.857244e+02
-3.076678e+03
2.197375e+02
-2.855506e+03
9.487914e+02
-2.645362e+03
8.613771e+02
-2.674333e+03
-2.043694e+02
-3.483622e+03
-6.023476e+02
-2.316047e+03
6.654314e+01
-3.655245e+03
-5.505669e+01
-1.333089e+03
3.853575e+02
-1.412660e+03
1.172946e+03
-1.986356e+03
1.110546e+03
-1.922738e+03
1.046497e+03
-1.983518e+03
5.573311e+01
-2.294517e+03
-4.222486e+01
-3.568956e+03
-4.672350e+01
-3.585567e+03
5.198036e+02
-2.504684e+03
-5.988539e+02
-1.544191e+03
-2.295853e+02
-2.522255e+03
-1.994674e+02
-2.635334e+03
1.416196e+02
-3.627053e+03
-6.510725e+01
-3.565859e+03
-8.183673e+01
-3.553823e+03
-3.538420e+02
-2.983872e+03
4.161584e+01
-2.907773e+03
9.188680e+02
-1.550651e+03
-3.445128e+01
-3.066956e+03
-4.588635e+01
-3.134530e+03
-5.865172e+02
-1.493545e+03
-6.749335e+02
-1.554706e+03
-6.333714e+02
-1.499786e+03
5.627332e+01
-1.948404e+03
-5.433793e+02
-2.797254e+03
-1.161476e+02
-1.713103e+03
2.258756e+02
-1.443041e+03
-1.084715e+02
-3.508448e+03
1.509052e+02
-3.516731e+03
-8.589457e+02
-1.746633e+03
-3.628062e+02
-1.338783e+03
-3.231750e+02
-1.338533e+03
-5.582674e+01
-3.367693e+03
4.453930e+02
-3.433191e+03
-2.174963e+02
-1.319890e+03
-2.217453e+02
-2.639686e+03
4.725053e+02
-1.746634e+03
3.434868e+02
-2.497613e+03
1.182291e+01
-3.258452e+03
8.884224e+01
-3.668378e+03
-1.268844e+02
-3.502364e+03
4.599046e+02
-2.922045e+03
4.567587e+02
-2.849658e+03
5.439009e+02
-2.816368e+03
6.467408e+02
-2.740529e+03
5.155035e+01
-3.659596e+03
4.787529e+01
-3.658788e+03
8.139089e+01
-3.230334e+03
-4.455579e+02
-3.323105e+03
-4.023650e+02
-3.333078e+03
2.128966e+01
-3.533218e+03
4.992349e+01
-3.534602e+03
9.717631e+01
-3.543798e+03
1.531567e+02
-3.513622e+03
1.000677e+02
-3.525069e+03
2.148292e+01
-2.390865e+03
-1.471538e+01
-2.427446e+03
8.085453e+00
-1.283185e+03
-6.291744e+01
-1.317382e+03
-1.536363e+02
-2.835534e+03
2.053880e+02
-9.190037e+02
1.666084e+02
-1.265566e+03
3.945859e+02
-2.912694e+03
2.960066e+01
-3.551419e+03
3.776625e+02
-3.470704e+03
4.370662e+02
-3.439393e+03
5.115443e+02
-3.398490e+03
2.372726e+02
-3.578850e+03
-2.745595e+01
-1.931135e+03
3.825734e+02
-2.765511e+03
8.769327e+02
-2.597276e+03
9.250196e+02
-2.542807e+03
1.527476e+01
-3.077723e+03
4.082338e+02
-1.934822e+03
-7.138418e+02
-2.752123e+03
-7.475333e+02
-2.675823e+03
3.509531e+02
-3.448590e+03
-6.904319e+02
-1.758465e+03
-2.607499e+02
-3.405668e+03
9.257657e+01
-3.610511e+03
3.360600e+02
-1.013165e+03
2.555689e+02
-1.110873e+03
3.073738e+02
-7.919950e+02
1.909816e+02
-6.500648e+02
1.395090e+02
-8.120137e+02
4.940823e+02
-8.106234e+02
5.385825e+02
-3.289154e+03
3.001713e+02
-3.193599e+03
-4.068805e+02
-2.296876e+03
-4.981158e+02
-2.267782e+03
-3.966985e+01
-3.391118e+03
2.272961e+02
-3.489522e+03
5.174424e+02
-3.217019e+03
-2.302714e+02
-3.216979e+03
1.564868e+01
-2.733351e+03
-1.977085e+02
-1.546963e+03
-1.582801e+02
-1.490191e+03
4.563319e+02
-3.127187e+03
4.487658e+02
-1.269320e+03
1.071318e+02
-3.645037e+03
-5.938430e+01
-3.621605e+03
-4.534104e+02
-1.424389e+03
-8.569168e+02
-2.435166e+03
9.163647e+01
-3.556125e+03
3.625737e+02
-3.392355e+03
3.220782e+02
-3.431229e+03
-1.345834e+02
-3.256690e+03
-4.302373e+02
-1.901333e+03
8.761482e+01
-3.681181e+03
-2.303176e+02
-9.925560e+02
-3.214960e+02
-1.151369e+03
-5.131153e+02
-1.962572e+03
-2.414724e+01
-1.935861e+03
2.159664e+02
-1.583235e+03
8.404243e+02
-2.282198e+03
8.871873e+02
-2.231322e+03
1.525136e+01
-3.668754e+03
6.722908e+02
-1.414269e+03
7.360923e+02
-3.103722e+03
8.014744e+02
-3.029708e+03
2.876271e+02
-3.193473e+03
7.685531e+02
-2.506381e+03
1.326752e+02
-3.611625e+03
9.868763e+02
-2.018077e+03
9.975668e+02
-2.100518e+03
1.041507e+03
-2.203436e+03
1.058172e+03
-2.120985e+03
-1.714028e+02
-3.505406e+03
-1.271575e+02
-3.522278e+03
-2.458080e+02
-1.732115e+03
-2.980209e+02
-1.656869e+03
-4.097917e+02
-1.812734e+03
6.486031e+02
-2.610033e+03
7.223393e+01
-3.664794e+03
-2.025500e+02
-3.311905e+03
-2.362957e+02
-1.929938e+03
8.984380e+01
-3.586027e+03
-3.334137e+02
-3.039561e+03
-3.303250e+02
-3.261877e+03
-2.900418e+02
-3.300398e+03
9.124494e+01
-3.457729e+03
7.352140e+01
-3.422200e+03
1.148580e+02
-3.626509e+03
2.761474e+02
-3.336751e+03
1.747013e+02
-3.150755e+03
1.751387e+02
-3.354587e+03
1.348639e+02
-3.328402e+03
1.135592e+02
-2.498193e+03
1.373200e+02
-1.853135e+03
-1.684768e+02
-3.496544e+03
8.902997e+02
-1.759133e+03
6.918856e+02
-1.485101e+03
7.633711e+02
-1.526753e+03
-2.313598e+02
-2.987745e+03
9.629681e+01
-8.682554e+02
1.345113e+02
-1.037797e+03
1.994996e+02
-1.223558e+03
-9.831139e+01
-3.420070e+03
-7.685702e+01
-2.764749e+03
8.905800e+02
-2.966761e+03
9.308222e+02
-2.973805e+03
8.960622e+02
-2.916284e+03
9.015717e+02
-2.838618e+03
8.077704e+02
-2.984159e+03
-3.693386e+02
-2.384451e+03
4.809613e+02
-2.245141e+03
4.389113e+02
-2.279982e+03
-1.390818e+02
-2.174219e+03
-4.072933e+02
-2.388695e+03
-2.845955e+02
-2.416417e+03
-6.005080e+02
-2.259386e+03
-4.953579e+02
-2.317481e+03
4.653004e+01
-3.644542e+03
3.269502e+01
-3.621396e+03
1.992330e+02
-3.535039e+03
1.865856e+02
-3.524520e+03
2.585000e+02
-3.512915e+03
-4.340541e+02
-3.195735e+03
-2.256655e+02
-3.040225e+03
1.341581e+02
-1.871727e+03
4.122709e+02
-3.068128e+03
3.422805e+02
-1.710058e+03
1.023906e+02
-3.674591e+03
3.630627e+02
-3.454390e+03
3.345699e+02
-3.492992e+03
-6.882586e+02
-2.413132e+03
5.342869e+02
-3.164358e+03
4.424874e+02
-3.226426e+03
6.056043e+01
-2.984085e+03
9.409995e+01
-2.929701e+03
4.047400e+02
-3.270097e+03
-5.849604e+01
-3.537251e+03
1.997425e+02
-2.282673e+03
-2.471848e+02
-1.274167e+03
-2.311663e+02
-1.182715e+03
-2.649071e+00
-8.321386e+02
-1.316478e+02
-9.891696e+02
-9.703354e+01
-7.824791e+02
-6.101603e+01
-6.852126e+02
-1.013874e+02
-4.809542e+02
-1.031872e+02
-4.808822e+02
-1.733944e+02
-3.190096e+02
-3.276617e+01
-6.240176e+02
4.333287e+01
-8.041850e+02
4.921354e+02
-2.588490e+03
6.064493e+01
-3.669865e+03
-5.289171e+02
-2.649108e+03
4.260875e+02
-3.405502e+03
8.237523e+01
-3.650426e+03
-3.473356e+02
-3.091519e+03
-2.389183e+02
-2.830506e+03
-3.145917e+02
-3.366463e+03
6.933848e+02
-2.884435e+03
7.500101e+02
-2.812774e+03
-6.676430e+02
-1.694321e+03
8.594653e+01
-3.675191e+03
1.046849e+02
-3.667578e+03
-6.914943e+02
-2.923625e+03
-7.032503e+02
-2.958477e+03
8.232290e+02
-2.631636e+03
-6.700471e+01
-1.006226e+03
-9.556989e+01
-1.073515e+03
-1.024525e+02
-1.023528e+03
-1.193138e+02
-1.196167e+03
-2.882398e+01
-1.075339e+03
-5.236004e+01
-1.018489e+03
-9.890195e+00
-8.841031e+02
-2.901191e+00
-1.183673e+03
-9.367315e+01
-1.263173e+03
-4.633238e+01
-1.219993e+03
5.902878e+01
-9.089129e+02
4.046983e+01
-1.115139e+03
6.496241e+01
-7.933793e+02
4.314822e+01
-7.558895e+02
5.273373e+01
-6.840160e+02
1.747399e+02
-2.173918e+03
8.844511e+02
-1.656909e+03
9.639155e+02
-1.681658e+03
8.409194e+02
-1.620553e+03
9.948537e+02
-1.739401e+03
1.068312e+03
-1.721135e+03
5.254506e+02
-2.357324e+03
4.274964e+02
-2.291522e+03
5.391011e+02
-2.000024e+03
5.932753e+02
-2.103316e+03
6.044560e+02
-2.271915e+03
6.879950e+02
-2.305232e+03
2.120159e+02
-3.609195e+03
2.441634e+02
-3.592162e+03
2.996481e+02
-3.557200e+03
3.013475e+02
-3.535823e+03
2.820875e+02
-3.531711e+03
2.404084e+02
-3.551601e+03
2.058340e+02
-3.586506e+03
-4.433784e+01
-3.585221e+03
1.468783e+02
-2.911812e+03
-1.393668e+02
-3.515921e+03
-1.101678e+02
-3.542169e+03
-2.004832e+02
-3.490044e+03
-2.368240e+02
-3.468477e+03
-1.069610e+02
-2.264896e+03
6.625945e+01
-9.095890e+02
4.489527e+01
-9.959838e+02
1.192004e+02
-9.478046e+02
1.488269e+02
-9.470671e+02
1.488144e+02
-8.810427e+02
2.197103e+02
-9.843721e+02
2.254986e+02
-1.062526e+03
8.770814e+01
-7.584931e+02
-1.053210e+02
-1.150147e+03
-5.391773e+01
-1.042174e+03
2.324097e+01
-1.128385e+03
6.379789e+01
-1.274191e+03
1.590613e+02
-1.084082e+03
8.255696e+01
-1.143257e+03
1.318885e+02
-1.150040e+03
-4.389858e+00
-3.614592e+03
-5.759957e+02
-3.151954e+03
-4.994198e+02
-3.239973e+03
-5.978639e+02
-3.211447e+03
-5.330172e+02
-3.245421e+03
-4.277821e+02
-3.290366e+03
3.880225e+02
-1.921065e+03
3.332581e+02
-2.038131e+03
1.381031e+00
-3.541735e+03
1.852451e+01
-3.559844e+03
5.334667e+01
-3.568090e+03
9.650661e+02
-1.815748e+03
1.016161e+03
-1.861571e+03
1.003651e+03
-1.944671e+03
1.088041e+03
-1.821406e+03
1.134093e+03
-1.748488e+03
5.544588e+02
-1.913492e+03
1.711770e+02
-3.598062e+03
8.214037e+01
-2.730824e+03
-4.600958e+02
-1.520599e+03
-5.152962e+02
-1.526686e+03
-5.515692e+02
-1.569517e+03
-5.766827e+02
-1.444464e+03
-5.562941e+02
-1.366277e+03
-5.259577e+02
-1.442148e+03
-1.429752e+02
-3.102471e+03
-3.654895e+02
-3.342905e+03
-3.311174e+02
-3.387617e+03
-3.552288e+02
-3.322512e+03
-2.506683e+02
-3.449848e+03
-3.053782e+02
-3.416584e+03
-3.116057e+02
-3.420744e+03
-3.842429e+02
-3.377757e+03
-4.344026e+02
-3.357681e+03
4.445520e+01
-3.628834e+03
-5.638421e+02
-1.977700e+03
2.910371e+02
-2.728884e+03
-1.455307e+02
-3.326331e+03
1.386111e+02
-3.168098e+03
2.002750e+02
-3.584085e+03
2.416796e+02
-3.553178e+03
-3.224928e+02
-1.744960e+03
6.043923e+02
-1.679759e+03
-3.338138e+02
-3.223310e+03
-3.863917e+02
-3.140175e+03
-4.454256e+02
-3.095761e+03
1.194911e+02
-3.635445e+03
-2.180784e+02
-2.278667e+03
-2.638698e+02
-2.192920e+03
3.402105e+02
-3.493225e+03
3.110154e+01
-3.150946e+03
7.658387e+01
-3.665011e+03
2.466969e+02
-3.551607e+03
-8.672357e+02
-2.335090e+03
-8.308483e+02
-1.813004e+03
-8.911873e+02
-1.855744e+03
-8.852891e+02
-1.937496e+03
-9.525071e+02
-2.015593e+03
-1.046644e+03
-1.992719e+03
-8.179054e+02
-1.967928e+03
-8.163180e+02
-2.036764e+03
-8.809754e+02
-2.075573e+03
-3.121047e+02
-3.201455e+03
-2.834958e+02
-3.271003e+03
7.154894e+01
-3.689617e+03
7.584647e+01
-3.684519e+03
-9.805029e+01
-3.595699e+03
-1.182614e+02
-3.566654e+03
5.732297e+02
-3.242331e+03
5.997516e+02
-3.241511e+03
6.404722e+02
-3.223374e+03
6.492548e+02
-3.244210e+03
7.939821e+02
-3.103026e+03
8.693921e+02
-3.069138e+03
7.208358e+02
-3.173015e+03
6.902242e+02
-3.116577e+03
6.921378e+02
-3.164909e+03
1.636169e+01
-3.650381e+03
3.876509e+01
-3.665769e+03
-2.864399e+02
-1.218653e+03
-2.784623e+02
-1.273823e+03
-2.932053e+02
-1.336860e+03
-2.977165e+02
-1.442051e+03
-3.408027e+02
-1.495157e+03
-3.790081e+02
-1.470410e+03
-3.265124e+02
-1.226866e+03
-4.120581e+02
-1.416911e+03
-3.815445e+02
-1.308638e+03
5.456827e+02
-2.870280e+03
5.069382e+02
-3.079080e+03
-7.500570e+02
-1.934240e+03
-1.321902e+01
-3.562236e+03
-1.459115e+01
-3.577680e+03
-7.027588e+02
-1.878740e+03
-7.278865e+02
-1.795051e+03
-7.720097e+02
-1.785981e+03
5.231692e+02
-2.489416e+03
-5.384447e+02
-2.583495e+03
9.771978e+02
-2.512429e+03
1.066446e+03
-2.452131e+03
1.138910e+03
-2.452000e+03
8.850085e+02
-2.788616e+03
1.023700e+03
-2.551012e+03
9.740084e+02
-2.751118e+03
9.940374e+02
-2.660705e+03
3.285451e+02
-2.193290e+03
3.885898e+02
-3.465502e+03
4.437487e+02
-3.428209e+03
4.980476e+02
-3.382203e+03
1.681825e+02
-2.904833e+03
4.981651e+02
-3.043053e+03
4.762522e+02
-2.995619e+03
5.875616e+02
-3.015366e+03
-6.814003e+01
-3.624316e+03
-7.673164e+01
-3.622930e+03
-3.852164e+01
-3.641398e+03
1.551879e-01
-3.657454e+03
-1.126429e+01
-3.655730e+03
-2.662541e+00
-3.657975e+03
1.539343e+01
-3.667395e+03
3.301091e+01
-3.674381e+03
-1.121099e+01
-3.634668e+03
-2.775110e+01
-3.636306e+03
-1.031068e+02
-2.611713e+03
3.766080e+02
-3.268090e+03
1.070697e+02
-3.586459e+03
-3.717596e+02
-2.308747e+03
2.726815e+02
-2.500503e+03
-1.019063e+02
-3.466260e+03
-8.225272e+01
-3.505386e+03
-4.219797e+01
-3.531569e+03
-8.636050e+01
-3.550492e+03
5.898893e+02
-1.951595e+03
-1.282752e+02
-1.586386e+03
-1.635479e+02
-1.729379e+03
-7.922258e+01
-3.099180e+03
-1.206853e+02
-3.118297e+03
-1.050456e+02
-3.034303e+03
2.349440e+02
-3.524097e+03
2.761668e+02
-3.485894e+03
8.301003e+00
-2.532365e+03
1.734696e+02
-3.569961e+03
1.310060e+02
-3.574815e+03
1.285503e+02
-3.558402e+03
1.910233e+02
-3.538166e+03
7.791849e+01
-3.581540e+03
5.471574e+02
-1.367033e+03
6.033831e+02
-1.431711e+03
6.517156e+02
-1.358859e+03
6.379354e+02
-1.264609e+03
8.666308e+01
-3.646418e+03
-4.953347e+02
-2.876661e+03
4.212537e+01
-3.517742e+03
2.543467e+02
-3.310674e+03
2.154472e+02
-3.360456e+03
8.388377e+02
-1.933131e+03
9.020875e+02
-1.925033e+03
8.196925e+02
-1.830896e+03
8.925183e+02
-1.835212e+03
9.287466e+02
-1.997697e+03
2.944351e+02
-3.522608e+03
2.546908e+02
-3.546278e+03
4.264721e+02
-1.428965e+03
4.529525e+02
-1.554854e+03
4.304921e+02
-1.644633e+03
3.884533e+02
-1.767401e+03
3.945644e+02
-1.672565e+03
3.608163e+02
-1.473333e+03
3.837424e+02
-1.575727e+03
1.772523e+02
-3.634695e+03
1.882343e+02
-3.618630e+03
1.742673e+02
-3.617211e+03
2.502347e+02
-3.472495e+03
2.468072e+02
-3.450454e+03
1.277278e+02
-3.461296e+03
-5.528702e+02
-1.764704e+03
6.115809e+02
-2.608142e+03
4.173552e-01
-3.614752e+03
-6.814504e+00
-3.599690e+03
1.388619e+02
-3.658395e+03
1.785849e+02
-3.634871e+03
1.367509e+02
-3.653901e+03
1.342675e+02
-3.659050e+03
1.476122e+02
-3.471955e+03
1.673182e+02
-3.486171e+03
-2.524979e+02
-2.865075e+03
-3.328162e+02
-2.828553e+03
3.929473e+02
-3.216272e+03
-4.655312e+02
-3.144942e+03
-4.452570e+02
-3.109305e+03
-3.456945e+02
-3.130719e+03
-3.648723e+02
-3.168491e+03
-3.931326e+02
-3.166321e+03
-3.472305e+02
-3.280214e+03
-3.672324e+02
-3.219421e+03
-3.101863e+02
-3.328199e+03
-3.411559e+02
-3.312869e+03
-5.311547e+02
-3.146414e+03
-4.560496e+02
-3.202615e+03
-4.108305e+02
-3.248681e+03
-5.886176e+02
-2.059579e+03
-4.647357e+02
-2.254113e+03
1.759451e+02
-1.560222e+03
-3.181261e+02
-2.393924e+03
-4.035122e+02
-2.907819e+03
8.980637e+01
-3.306100e+03
1.150635e+02
-3.231578e+03
5.850599e+02
-3.113179e+03
6.126555e+02
-3.149983e+03
6.074473e+02
-3.036830e+03
5.126884e+02
-3.151590e+03
5.364421e+02
-3.095658e+03
3.261582e-01
-3.516844e+03
1.411977e+02
-1.343357e+03
2.101729e+02
-1.417137e+03
9.741094e+01
-1.409118e+03
4.349015e+01
-1.284437e+03
1.222143e+01
-1.462304e+03
-2.669041e+01
-1.419482e+03
8.597264e+01
-1.800438e+03
6.693072e+01
-1.702021e+03
6.438790e+01
-1.581829e+03
1.111861e+02
-1.527309e+03
1.710769e+02
-1.597332e+03
1.928037e+02
-1.901211e+03
1.862112e+02
-1.719546e+03
3.001289e+02
-1.618660e+03
3.684631e+02
-1.770959e+03
4.888802e+02
-1.750058e+03
6.772291e+02
-1.775207e+03
1.833864e+02
-3.414532e+03
1.505053e+02
-3.428329e+03
1.857453e+02
-3.461808e+03
-5.174816e+02
-1.731682e+03
-2.875836e+02
-2.830207e+03
-7.074850e+02
-2.649566e+03
-8.736372e+01
-3.294406e+03
-1.082367e+02
-3.305605e+03
3.799098e+02
-1.887250e+03
4.170513e+02
-1.844279e+03
4.808911e+02
-1.828992e+03
3.489337e+02
-3.465712e+03
3.837167e+02
-3.435913e+03
2.251101e+02
-1.279370e+03
2.277591e+02
-1.145169e+03
2.761992e+02
-1.169742e+03
2.620730e+02
-1.455321e+03
1.602517e+02
-1.451730e+03
9.326382e+01
-1.417583e+03
2.088497e+02
-1.347892e+03
-2.378483e+02
-3.335757e+03
-2.668061e+02
-3.272977e+03
-2.601197e+02
-3.209357e+03
6.432996e+02
-1.913936e+03
-3.480114e+02
-1.993873e+03
6.603925e+02
-1.566009e+03
6.154280e+02
-1.524233e+03
5.769246e+02
-1.602064e+03
5.263979e+02
-1.508261e+03
4.975568e+02
-1.694393e+03
5.040515e+02
-1.589020e+03
5.166910e+02
-1.424370e+03
4.693557e+02
-1.384611e+03
4.293375e+02
-1.351546e+03
3.162205e+02
-1.446251e+03
2.916501e+02
-1.694391e+03
3.085694e+02
-1.580003e+03
3.286173e+02
-1.240764e+03
3.327120e+02
-1.348069e+03
3.797473e+02
-1.276567e+03
3.992543e+02
-1.221194e+03
4.235915e+02
-1.127677e+03
4.236337e+02
-1.187561e+03
-5.498385e+00
-2.257487e+03
3.460684e+02
-2.960646e+03
4.229294e+02
-3.024669e+03
3.444694e+02
-3.081238e+03
3.434238e+02
-3.150330e+03
4.047013e+02
-3.179393e+03
3.897204e+02
-3.035286e+03
4.080608e+02
-2.965814e+03
7.723984e+01
-3.650089e+03
3.622859e+02
-3.215717e+03
3.388744e+02
-2.831586e+03
4.659830e+01
-3.292729e+03
-1.458336e+02
-3.455198e+03
-4.646177e+02
-1.898459e+03
-6.104855e+02
-1.987402e+03
-3.421998e+02
-1.927815e+03
-2.575957e+02
-2.015254e+03
-2.904942e+02
-2.186901e+03
-2.148503e+02
-2.263213e+03
1.495842e+02
-3.619240e+03
1.638942e+02
-3.609211e+03
2.851514e+02
-3.366006e+03
2.736542e+02
-3.445153e+03
4.152703e+02
-3.339850e+03
3.876514e+02
-3.394377e+03
3.251273e+02
-3.418294e+03
-5.198830e+01
-2.952961e+03
-5.206285e+02
-2.899222e+03
-5.680710e+02
-2.833096e+03
-6.228841e+00
-3.411050e+03
8.273589e+01
-3.659256e+03
6.752209e+01
-3.653288e+03
8.123606e+01
-3.676683e+03
-5.086884e+02
-1.661622e+03
-4.587651e+02
-1.578665e+03
-4.126142e+02
-1.564549e+03
-5.483562e+02
-1.636341e+03
-5.837620e+02
-1.672097e+03
-6.534374e+02
-1.621316e+03
-7.173840e+02
-1.620276e+03
-7.708106e+02
-1.698154e+03
-8.306805e+02
-1.691650e+03
-8.805925e+02
-1.688795e+03
-9.394970e+02
-1.622544e+03
-6.208884e+02
-1.769855e+03
-5.843217e+02
-1.733046e+03
-4.961560e+02
-2.542295e+03
-4.678504e+02
-2.624136e+03
-3.361734e+01
-3.592332e+03
-1.272387e+01
-3.599926e+03
6.349052e+00
-3.618086e+03
-1.200759e+01
-3.610205e+03
-3.945441e+00
-3.608796e+03
6.154756e+02
-2.184633e+03
-8.050280e+02
-2.482402e+03
-7.868921e+02
-2.587471e+03
-8.098035e+02
-2.658768e+03
-8.400151e+02
-2.732261e+03
-9.058266e+02
-2.702400e+03
-7.872389e+02
-2.825753e+03
-6.577282e+02
-2.894225e+03
-7.109651e+02
-2.848736e+03
-6.228502e+02
-2.790836e+03
-6.606290e+02
-2.801974e+03
-6.347103e+02
-2.702030e+03
-5.875477e+02
-2.939185e+03
-5.128444e+02
-2.963621e+03
-4.721889e+02
-3.028813e+03
-5.963010e+02
-3.083277e+03
-6.741951e+02
-3.026696e+03
-7.454714e+02
-3.022589e+03
-5.379534e+02
-3.086534e+03
-5.644907e+02
-3.020548e+03
9.482315e+02
-2.238700e+03
9.423557e+02
-2.164041e+03
8.947170e+02
-2.101449e+03
6.723056e+01
-3.690067e+03
7.710447e+01
-3.689090e+03
8.885054e+01
-3.683928e+03
8.795592e+01
-3.675682e+03
8.984068e+01
-3.681734e+03
-2.621867e+02
-2.733189e+03
-2.187735e+02
-2.799981e+03
6.165772e+01
-2.351547e+03
7.139223e+01
-2.438565e+03
7.049871e+01
-2.520611e+03
2.623616e+02
-2.578213e+03
3.082707e+02
-2.610766e+03
2.116383e+02
-2.596967e+03
4.739830e+02
-2.680411e+03
-2.663885e+02
-2.008789e+03
-2.186046e+02
-2.065255e+03
-6.811711e+02
-2.178548e+03
3.447342e+02
-3.491011e+03
3.037901e+02
-3.516167e+03
2.553662e+02
-3.539998e+03
2.641342e+02
-3.512606e+03
2.558749e+02
-3.498283e+03
2.674530e+02
-3.529091e+03
2.679022e+02
-3.518969e+03
2.009032e+02
-3.571438e+03
2.064115e+02
-3.563059e+03
7.049981e+01
-3.594214e+03
1.154874e+02
-3.596296e+03
1.592310e+02
-3.591462e+03
2.927379e+01
-2.823353e+03
7.730060e+01
-2.815028e+03
2.682515e+02
-3.141240e+03
6.192650e+02
-2.266744e+03
-1.509064e+01
-3.529694e+03
2.331889e+02
-2.054067e+03
2.707393e+02
-2.168515e+03
3.320027e+02
-2.290575e+03
1.631951e+02
-1.993334e+03
7.417920e+01
-1.977688e+03
4.243131e+01
-1.874323e+03
-1.590279e+01
-1.840907e+03
-6.979031e+01
-1.781574e+03
-9.380419e+01
-1.868272e+03
-6.051303e+01
-1.546351e+03
-2.984374e+01
-1.708725e+03
-1.232471e+02
-1.478619e+03
-1.374957e+02
-1.358681e+03
-1.639562e+02
-1.288498e+03
-2.497650e+02
-1.454510e+03
-2.107941e+02
-1.399563e+03
-1.397845e+02
-1.054564e+03
-1.793070e+02
-1.127059e+03
-1.746424e+02
-1.210361e+03
-9.915034e+01
-9.798099e+02
2.010198e+02
-2.478982e+03
2.699973e+02
-2.389038e+03
2.167249e+02
-2.400014e+03
-1.703354e+01
-2.791955e+03
3.755016e+00
-2.856886e+03
1.753020e+02
-2.979661e+03
1.453342e+02
-2.968346e+03
-4.590316e+02
-2.152323e+03
-5.511740e+02
-2.151827e+03
-5.156831e+02
-2.137276e+03
6.736733e+02
-2.148555e+03
6.803203e+02
-2.058970e+03
6.091453e+02
-2.103338e+03
6.407655e+02
-2.031395e+03
5.705723e+02
-2.070080e+03
3.031641e+02
-2.632279e+03
3.489862e+02
-2.716613e+03
3.201830e+02
-2.906769e+03
3.736793e+02
-2.820933e+03
3.694951e+02
-2.886671e+03
-1.337063e+02
-3.376442e+03
-1.479689e+02
-3.408545e+03
-2.077691e+02
-3.405605e+03
-1.707043e+02
-3.464891e+03
-1.744612e+02
-2.369800e+03
-1.937733e+02
-3.363993e+03
-1.777291e+02
-3.409438e+03
-1.655935e+02
-3.455544e+03
-1.655221e+02
-2.094302e+03
-1.432506e+02
-1.996475e+03
-1.571584e+02
-2.278452e+03
-1.453361e+02
-2.191799e+03
-1.417722e+02
-2.392150e+03
-2.414603e+02
-1.814716e+03
-2.912299e+02
-1.791115e+03
4.768188e+02
-3.197633e+03
4.266217e+02
-3.174457e+03
4.468360e+02
-3.184451e+03
4.543446e+02
-3.250955e+03
3.908183e+02
-3.367249e+03
3.872126e+02
-3.401858e+03
4.157697e+02
-3.400431e+03
4.611884e+02
-3.366898e+03
3.346933e+02
-3.451516e+03
2.913126e+02
-3.489837e+03
2.795912e+02
-3.511937e+03
2.898092e+02
-3.474164e+03
2.473658e+02
-3.543411e+03
2.678077e+02
-3.529601e+03
3.019708e+02
-3.505127e+03
3.010378e+02
-3.513566e+03
1.694291e+02
-3.593526e+03
2.541976e+02
-3.547972e+03
2.180005e+02
-3.570751e+03
4.759906e+02
-3.384799e+03
4.297942e+02
-3.420236e+03
3.837129e+02
-3.458767e+03
3.341791e+02
-3.492924e+03
1.015633e+02
-3.617751e+03
1.399044e+02
-3.607495e+03
1.735480e+02
-3.602280e+03
1.338078e+02
-3.615631e+03
1.638076e+02
-3.604703e+03
1.528364e+02
-3.616132e+03
1.834838e+02
-3.595303e+03
2.157502e+02
-3.566174e+03
2.289226e+02
-3.540027e+03
2.094761e+02
-3.565528e+03
1.830064e+02
-3.571016e+03
2.172211e+02
-3.533995e+03
2.552619e+02
-3.487743e+03
2.889221e+02
-3.450795e+03
3.158612e+02
-3.401045e+03
3.597896e+01
-3.555159e+03
2.435193e+01
-3.579704e+03
6.589913e+01
-3.565251e+03
6.114710e+01
-3.590111e+03
7.995236e+01
-3.527472e+03
-3.323076e+02
-1.861332e+03
-3.886548e+02
-1.870741e+03
-3.078657e+02
-1.953423e+03
-2.926799e+02
-2.092226e+03
-4.855331e+02
-1.787832e+03
-4.453559e+02
-1.776647e+03
-4.014627e+02
-1.748752e+03
-3.412104e+02
-1.569250e+03
-3.217495e+02
-1.617730e+03
-3.853193e+02
-1.648704e+03
-2.668895e+02
-1.571340e+03
-2.248220e+02
-1.610884e+03
-2.115945e+02
-1.722868e+03
-1.017293e+02
-2.005907e+03
-1.904635e+02
-1.843888e+03
-1.369202e+02
-1.888842e+03
-6.940772e+02
-2.263948e+03
-6.684079e+02
-2.364280e+03
-5.830344e+02
-2.236051e+03
-6.244348e+02
-2.169208e+03
-5.512395e+02
-2.331076e+03
-6.413132e+02
-2.043569e+03
-6.179814e+02
-1.886490e+03
-6.588413e+02
-1.926289e+03
-5.556026e+02
-1.835427e+03
-5.107562e+02
-1.879646e+03
-4.628814e+02
-1.969186e+03
-4.379058e+02
-2.065322e+03
-3.796406e+02
-2.083180e+03
-7.685104e+02
-2.195664e+03
-7.129435e+02
-2.056358e+03
-7.785308e+02
-2.093590e+03
-3.656071e+02
-2.176166e+03
-3.040565e+02
-2.229082e+03
-2.828389e+02
-2.333757e+03
-4.075854e+02
-2.277757e+03
-4.576090e+02
-2.328201e+03
-4.674210e+02
-2.410980e+03
-4.343826e+02
-2.482374e+03
-5.077677e+02
-2.397889e+03
-5.863371e+02
-2.532523e+03
-5.924782e+02
-2.404472e+03
-5.349927e+02
-2.441704e+03
-6.423404e+02
-2.563734e+03
-5.634222e+02
-2.713318e+03
-5.164470e+02
-2.709919e+03
-6.118364e+02
-2.636119e+03
-8.799495e+02
-2.191838e+03
-9.387893e+02
-2.215007e+03
-1.032138e+03
-2.186333e+03
-8.174402e+02
-2.215882e+03
-7.934311e+02
-2.328416e+03
-7.695828e+02
-2.427000e+03
-6.914371e+02
-2.475153e+03
2.425601e+02
-2.918284e+03
1.399501e+02
-2.795952e+03
2.106984e+02
-2.818719e+03
6.877803e+01
-2.597921e+03
1.314738e+02
-2.683477e+03
1.937320e+02
-2.499630e+03
2.346069e+02
-2.609013e+03
1.732317e+02
-2.660642e+03
-2.698354e+01
-2.500353e+03
2.771466e+01
-2.556796e+03
-4.330411e+01
-2.667344e+03
3.003835e+01
-2.670107e+03
-7.401633e+01
-2.419180e+03
-1.064484e+02
-2.459785e+03
-1.392079e+01
-2.033359e+03
5.493790e+01
-2.116515e+03
1.225087e+02
-2.341656e+03
1.857028e+02
-2.399870e+03
1.113296e+02
-2.231204e+03
-6.141379e+01
-2.081398e+03
-5.649203e+01
-2.217426e+03
-7.002805e+01
-2.333632e+03
5.689179e+02
-2.631238e+03
6.732056e+02
-2.532499e+03
4.388188e+02
-2.674671e+03
3.764371e+02
-2.395978e+03
2.779046e+02
-2.416503e+03
4.346129e+02
-2.538240e+03
-1.209522e+01
-1.811514e+03
-1.513982e+02
-1.643985e+03
-7.887399e+01
-1.784502e+03
-1.350687e+02
-1.931076e+03
-9.168001e+01
-2.045675e+03
-6.651229e+01
-2.189828e+03
-8.354370e+01
-1.490009e+03
-1.209503e+02
-1.400809e+03
-2.437845e+02
-1.445081e+03
-3.968816e+02
-1.372374e+03
-5.888687e+02
-1.503575e+03
4.049885e+01
-1.515608e+03
-1.768192e+01
-1.531797e+03
-1.759684e+02
-3.465289e+03
-1.344861e+02
-3.509735e+03
-9.322076e+01
-3.547291e+03
-6.301803e+01
-3.574331e+03
-7.240903e+01
-3.566670e+03
-5.314124e+01
-3.581182e+03
-7.858560e+01
-3.552999e+03
7.230386e+02
-2.550980e+03
7.323360e+02
-2.476284e+03
-5.676353e+00
-3.469275e+03
1.926216e+01
-3.473576e+03
1.191312e+02
-3.492656e+03
1.274036e+02
-3.456325e+03
-7.604291e+01
-3.542901e+03
-1.360989e+02
-3.442798e+03
-1.031746e+02
-3.495408e+03
-2.138998e+02
-2.806242e+03
-1.799567e+02
-2.866610e+03
-2.019416e+02
-2.726273e+03
-2.509349e+02
-2.681321e+03
-2.949256e+02
-2.667542e+03
-3.325099e+02
-2.779144e+03
-3.233385e+02
-2.710572e+03
-3.299845e+02
-2.582187e+03
-3.959219e+02
-2.555690e+03
-4.146629e+02
-2.664915e+03
-3.699276e+02
-2.487876e+03
-1.614519e+02
-2.699908e+03
-2.532540e+02
-2.450359e+03
-2.912950e+02
-2.504723e+03
-1.873932e+02
-2.478322e+03
-1.470854e+02
-2.511986e+03
-1.416027e+02
-2.620148e+03
-1.333692e+02
-2.781073e+03
-3.190504e+01
-3.569361e+03
-3.772103e+01
-3.571904e+03
-3.936666e+01
-3.582695e+03
2.518291e-01
-3.619408e+03
-2.382787e+01
-3.600438e+03
1.733148e+02
-3.271852e+03
2.050891e+02
-3.223147e+03
2.530720e+02
-3.215390e+03
2.279837e+02
-3.017369e+03
1.193380e+02
-3.080269e+03
1.685747e+02
-2.999668e+03
2.205102e+02
-3.138373e+03
2.635854e+02
-3.081488e+03
9.307221e+01
-3.603043e+03
7.492596e+01
-3.616419e+03
5.556921e+01
-3.615242e+03
5.834327e+01
-3.634409e+03
5.817705e+01
-3.648564e+03
7.393365e+01
-3.679645e+03
7.092970e+01
-3.682472e+03
7.149594e+01
-3.675246e+03
6.176487e+01
-3.662702e+03
5.111038e+01
-3.656069e+03
7.378992e+01
-3.669693e+03
8.498431e+01
-3.670885e+03
1.101357e+02
-3.651263e+03
9.624829e+01
-3.662828e+03
9.838906e+01
-3.660088e+03
1.151845e+02
-3.647007e+03
1.615196e+02
-3.591165e+03
1.335403e+02
-3.632021e+03
1.377894e+02
-3.623107e+03
1.189737e+02
-3.636394e+03
1.028059e+02
-3.652840e+03
1.194044e+02
-3.640966e+03
1.005890e+02
-3.640438e+03
1.006590e+02
-3.635082e+03
8.979844e+01
-3.628211e+03
2.426480e+01
-3.593903e+03
6.114552e+01
-3.622467e+03
2.667925e+01
-3.607811e+03
-5.401608e+01
-3.574377e+03
-1.949069e+01
-3.582837e+03
-9.468761e+01
-3.554121e+03
2.920508e+01
-3.636608e+03
4.553934e+01
-3.648259e+03
5.235160e+01
-3.639175e+03
7.149425e+01
-3.635854e+03
2.277701e+01
-3.636100e+03
3.616083e+01
-3.646788e+03
-1.318492e+02
-3.530731e+03
-2.305698e+02
-3.451776e+03
-1.799706e+02
-3.494601e+03
-2.521203e+02
-3.418202e+03
-2.207124e+02
-3.428245e+03
-2.485344e+02
-3.382062e+03
-2.602742e+02
-3.315642e+03
-2.412522e+02
-3.363760e+03
-2.251626e+02
-3.309250e+03
-1.490846e+02
-3.520662e+03
-9.932674e+01
-3.542172e+03
-7.435711e+01
-3.539333e+03
-7.542482e+01
-3.523903e+03
-8.655601e+01
-3.504013e+03
1.601983e+02
-3.211161e+03
2.075111e+02
-3.153847e+03
2.283245e+02
-3.185535e+03
7.619226e+02
-2.373590e+03
7.110288e+02
-2.425206e+03
2.949208e+02
-2.275074e+03
2.788240e+02
-2.147471e+03
3.481444e+02
-2.398960e+03
3.077558e+02
-2.388852e+03
-2.242477e+02
-3.103267e+03
-2.612334e+02
-3.124546e+03
-2.968120e+02
-3.028380e+03
-1.943031e+02
-3.235623e+03
-1.989984e+02
-3.176183e+03
-1.712595e+02
-3.164714e+03
-9.121316e+01
-3.392041e+03
-1.162579e+02
-3.340227e+03
-1.550258e+02
-3.299454e+03
-1.564597e+02
-3.348326e+03
-8.061206e+01
-3.493762e+03
-1.138124e+02
-3.449124e+03
-1.267509e+02
-3.402714e+03
-3.232805e+02
-3.105769e+03
-3.722407e+02
-3.070448e+03
-4.318863e+02
-3.016071e+03
-4.599630e+02
-2.852928e+03
-4.473271e+02
-2.923530e+03
-4.578532e+02
-2.766921e+03
-4.046230e+02
-2.759950e+03
-3.720398e+02
-2.821549e+03
-3.542453e+02
-2.907674e+03
-2.721691e+02
-3.176782e+03
-3.085851e+02
-2.952606e+03
-2.371726e+02
-3.257702e+03
-1.946082e+02
-3.319872e+03
-2.876202e+02
-2.911092e+03
-2.335711e+02
-2.971883e+03
1.484953e+02
-3.582560e+03
1.389974e+02
-3.541449e+03
1.751634e+02
-3.562624e+03
1.533221e+02
-3.619390e+03
1.802896e+02
-3.589258e+03
2.329279e+02
-3.433946e+03
1.987911e+02
-3.484612e+03
2.024601e+02
-3.524188e+03
1.329206e+02
-3.658143e+03
1.103943e+02
-3.673377e+03
1.201164e+02
-3.659891e+03
8.479833e+01
-3.684056e+03
1.275255e+02
-3.640758e+03
1.099682e+02
-3.643078e+03
9.361264e+01
-3.661454e+03
8.158328e+01
-3.673166e+03
7.322147e+01
-3.663677e+03
1.081405e+02
-3.545149e+03
1.072713e+02
-3.579445e+03
1.098982e+02
-3.616529e+03
7.729649e+01
-3.532489e+03
3.296623e+01
-3.642283e+03
1.938130e+01
-3.617942e+03
6.567262e+01
-3.676373e+03
5.686660e+01
-3.661533e+03
5.010907e+01
-3.658684e+03
7.008297e+01
-3.676754e+03
7.200566e+01
-3.687276e+03
2.930499e+02
-3.274875e+03
4.769537e+02
-3.308827e+03
3.434107e+02
-3.303178e+03
4.046025e+02
-3.238452e+03
4.423220e+02
-3.275548e+03
2.478343e+02
-3.328066e+03
2.160294e+02
-3.386439e+03
1.314562e+02
-3.390898e+03
1.820319e+02
-3.398897e+03
-1.793773e+01
-3.572281e+03
-3.286848e+01
-3.533012e+03
-6.164348e+01
-3.492522e+03
-6.320724e+01
-3.414461e+03
-4.368346e+01
-3.478167e+03
-2.594475e+01
-3.365771e+03
-3.372154e+01
-3.416918e+03
6.050323e+00
-3.592733e+03
8.130635e+00
-3.571758e+03
3.227092e+01
-3.596650e+03
4.422536e+01
-3.580403e+03
5.378986e+01
-3.549548e+03
4.172884e+01
-3.454236e+03
5.412416e+01
-3.504631e+03
4.812262e+01
-3.400501e+03
2.724374e+01
-3.341405e+03
3.303011e+00
-3.368611e+03
1.148287e+02
-3.271797e+03
1.115051e+02
-3.218497e+03
-3.167771e+01
-3.320319e+03
1.040261e+02
-3.335319e+03
7.803510e+01
-3.374940e+03
5.264404e+01
-3.219682e+03
7.577428e+01
-3.175391e+03
-9.225686e+01
-2.829695e+03
-6.305592e+01
-2.780448e+03
-1.656358e+01
-2.825137e+03
-9.501474e+00
-2.924321e+03
2.334607e+01
-3.009339e+03
-1.134306e+02
-2.885194e+03
6.645868e+01
-3.073520e+03
-6.955026e+01
-3.023389e+03
-2.934772e+01
-3.089177e+03
3.149624e-01
-3.161285e+03
-1.124033e+02
-2.961743e+03
-4.515120e+01
-3.194380e+03
-6.310811e+01
-3.255813e+03
-1.372019e+02
-2.987738e+03
-1.701011e+02
-2.941387e+03
-1.964354e+02
-2.971296e+03
-1.051995e+02
-3.180823e+03
-1.499582e+02
-3.116973e+03
-1.947259e+02
-3.041451e+03
1.527827e+02
-3.588132e+03
1.604443e+02
-3.557809e+03
2.828260e+02
-3.379318e+03
2.052618e+02
-3.448916e+03
2.449433e+02
-3.422181e+03
1.750529e+02
-3.508354e+03
3.222386e+02
-3.322301e+03
3.167099e+02
-3.272428e+03
3.483367e+02
-3.337883e+03
4.860833e+02
-3.270124e+03
4.355093e+02
-3.301369e+03
3.880597e+02
-3.314183e+03
3.995121e+02
-3.330698e+03
7.537531e+02
-2.988994e+03
7.001891e+02
-3.066211e+03
6.549209e+02
-3.123415e+03
6.016037e+02
-3.192904e+03
5.432931e+02
-3.231175e+03
5.759279e+02
-3.301573e+03
5.578207e+02
-3.341012e+03
6.418659e+02
-3.308595e+03
6.491610e+02
-3.283530e+03
5.131132e+02
-3.340275e+03
4.985852e+02
-3.291442e+03
4.958603e+02
-3.323381e+03
9.319209e+02
-2.318823e+03
7.616270e+02
-1.770311e+03
7.357002e+02
-1.862827e+03
6.789629e+02
-1.845382e+03
7.302003e+02
-1.998335e+03
8.396473e+02
-2.092608e+03
7.969213e+02
-2.160401e+03
8.024786e+02
-1.997356e+03
5.059270e+02
-1.928612e+03
5.297352e+02
-1.809405e+03
6.344540e+02
-1.746878e+03
5.706305e+02
-1.807312e+03
6.687771e+02
-1.777866e+03
6.827098e+02
-1.666898e+03
7.391879e+02
-1.680989e+03
8.446498e+02
-1.467565e+03
9.218881e+02
-1.465416e+03
8.090485e+02
-1.561828e+03
7.794754e+02
-1.619017e+03
7.607287e+00
-3.106990e+03
-3.958327e+01
-3.155867e+03
-8.212217e+01
-3.098528e+03
-4.332876e+01
-3.231591e+03
4.762714e+01
-2.443625e+03
-1.585438e+00
-3.616766e+03
-3.013966e+01
-3.604514e+03
-6.097081e+01
-3.595086e+03
-8.917183e+01
-3.571576e+03
-1.183666e+02
-3.542838e+03
-1.730343e+02
-3.515958e+03
-2.786030e+02
-3.431371e+03
-2.122083e+02
-3.479270e+03
2.133899e+01
-3.610121e+03
4.620977e+00
-3.585457e+03
-1.550922e+01
-3.557104e+03
1.259018e+02
-3.556023e+03
1.178415e+02
-3.527058e+03
1.035716e+02
-3.496337e+03
1.383546e+02
-3.570019e+03
1.305407e+02
-3.605356e+03
4.527634e+01
-3.678958e+03
4.963718e+01
-3.684998e+03
5.688320e+01
-3.683833e+03
6.021402e+01
-3.685157e+03
5.153494e+01
-3.675896e+03
4.489585e+01
-3.679030e+03
3.891301e+01
-3.668254e+03
9.442627e+01
-3.656041e+03
6.089407e+01
-3.663124e+03
9.577207e+01
-3.655693e+03
7.688991e+01
-3.678756e+03
8.130801e+01
-3.663698e+03
7.228425e+01
-3.685355e+03
6.826561e+01
-3.678332e+03
1.092388e+02
-3.630892e+03
5.722228e+01
-3.675755e+03
9.938833e+01
-3.621121e+03
8.058294e+01
-3.633767e+03
6.284136e+01
-3.617736e+03
4.063890e+01
-3.629222e+03
5.042736e+01
-3.660219e+03
6.242543e+02
-2.848380e+03
7.085079e+02
-2.641356e+03
6.625902e+02
-2.718766e+03
5.702909e+02
-2.771411e+03
6.195065e+02
-2.703901e+03
7.861784e+02
-2.614310e+03
7.981118e+02
-2.542935e+03
7.448513e+02
-2.674833e+03
8.231252e+02
-2.809487e+03
7.978772e+02
-2.742484e+03
7.500471e+02
-2.741182e+03
7.505444e+02
-2.924669e+03
6.386670e+02
-2.954454e+03
6.851670e+02
-2.948842e+03
5.986218e+02
-2.939340e+03
5.514310e+02
-2.943921e+03
9.851307e+02
-2.354646e+03
9.425461e+02
-2.463371e+03
1.070983e+03
-2.305395e+03
1.106954e+03
-2.194398e+03
1.183652e+03
-2.174558e+03
-5.438393e+02
-2.722933e+03
8.820644e+02
-2.462878e+03
7.515411e+02
-2.215654e+03
6.998881e+02
-2.239989e+03
6.467389e+02
-2.305622e+03
6.466744e+02
-2.399189e+03
8.848550e+02
-2.382771e+03
7.911912e+02
-2.304926e+03
8.200834e+02
-2.359855e+03
-3.357572e+02
-2.656449e+03
-2.835731e+02
-2.558743e+03
-2.173110e+02
-2.486271e+03
-4.269926e+02
-2.590418e+03
-4.710603e+02
-2.674943e+03
-4.022979e+02
-2.752268e+03
-3.915739e+02
-2.887553e+03
-3.692806e+02
-2.981937e+03
-1.393974e+02
-2.640368e+03
-1.362822e+02
-2.501636e+03
6.471922e+00
-2.216375e+03
6.737416e+01
-2.146446e+03
-3.721108e+00
-2.370724e+03
-9.083441e+01
-2.404537e+03
1.181098e+02
-2.013621e+03
1.521314e+02
-1.636388e+03
1.754975e+02
-1.735182e+03
2.412018e+02
-1.729951e+03
7.868581e+01
-1.645134e+03
5.302563e+01
-1.796702e+03
8.773462e+01
-1.860493e+03
1.840719e+02
-2.052283e+03
2.363774e+02
-1.893446e+03
2.495124e+02
-2.010066e+03
1.242425e+02
-2.297263e+03
1.739519e+02
-2.198013e+03
1.089680e+02
-2.415471e+03
1.514941e+02
-2.470802e+03
3.778981e+02
-2.108375e+03
3.411070e+02
-2.065128e+03
3.220093e+02
-1.930364e+03
2.805515e+02
-1.821785e+03
1.676866e+02
-2.671434e+03
1.299388e+02
-2.587596e+03
-2.603723e+01
-2.646655e+03
-8.342514e+01
-2.677841e+03
2.024810e+01
-2.683811e+03
9.926655e+01
-2.658822e+03
-1.299603e+02
-2.768429e+03
-1.570453e+02
-2.832353e+03
-3.468613e+01
-2.965044e+03
8.115988e+00
-2.944183e+03
-1.105234e+02
-2.919410e+03
-1.349340e+02
-3.030671e+03
-2.165823e+02
-3.055886e+03
-2.913772e+02
-3.078593e+03
-1.231151e+02
-3.286343e+03
-1.486801e+02
-3.191368e+03
-2.215940e+02
-3.162914e+03
-1.374788e+01
-3.290315e+03
3.398938e+00
-3.364228e+03
-5.734259e+01
-3.323293e+03
8.465853e+01
-3.456670e+03
1.428980e+01
-3.466967e+03
4.675833e+01
-3.478926e+03
-8.382189e-01
-3.512984e+03
-2.425245e+01
-3.501543e+03
-7.782294e+01
-3.396918e+03
-5.197373e+01
-3.447631e+03
4.848919e+01
-3.343049e+03
9.585848e+01
-3.412587e+03
7.448850e+01
-3.372782e+03
6.003990e+01
-3.181559e+03
4.192656e+01
-3.274641e+03
2.924135e+02
-3.244615e+03
1.395219e+02
-3.380252e+03
1.727593e+02
-3.329733e+03
2.174767e+02
-3.288132e+03
2.502064e+02
-3.263926e+03
1.550593e+02
-3.115702e+03
1.881641e+02
-3.025797e+03
1.044438e+02
-3.130729e+03
5.094311e+01
-3.041506e+03
9.626757e+01
-3.058799e+03
4.529213e+01
-2.969553e+03
1.592370e+02
-2.768434e+03
9.281125e+01
-2.897824e+03
1.075102e+02
-2.777900e+03
2.006589e+02
-2.799989e+03
2.372835e+02
-2.762327e+03
3.004329e+02
-2.812776e+03
2.504669e+02
-2.913800e+03
2.376253e+02
-3.011370e+03
2.980491e+02
-2.721889e+03
2.767421e+02
-3.035215e+03
3.235276e+02
-2.979910e+03
3.403881e+02
-2.655915e+03
3.724768e+02
-2.859048e+03
3.584099e+02
-2.933157e+03
3.242938e+02
-3.148716e+03
3.546206e+02
-3.078190e+03
3.325954e+02
-3.034844e+03
4.815112e+02
-3.070210e+03
4.265457e+02
-3.098838e+03
3.671882e+02
-3.164555e+03
5.086675e+02
-2.999096e+03
4.658130e+02
-2.929199e+03
4.852397e+02
-2.971408e+03
4.239053e+02
-2.822789e+03
4.765810e+02
-2.818081e+03
4.296619e+02
-2.721220e+03
4.148866e+02
-2.675747e+03
4.051719e+02
-2.595676e+03
5.761055e+02
-2.426000e+03
5.837242e+02
-2.337815e+03
6.081804e+02
-2.454724e+03
5.268973e+02
-2.630408e+03
5.998535e+02
-2.549301e+03
5.415583e+02
-2.730565e+03
4.891339e+02
-2.435566e+03
4.313939e+02
-2.474226e+03
5.471965e+02
-2.310312e+03
3.883486e+02
-2.200545e+03
3.855507e+02
-2.324362e+03
3.811247e+02
-2.444100e+03
4.880055e+02
-2.046420e+03
4.344672e+02
-2.071725e+03
5.182111e+02
-2.139935e+03
5.405842e+02
-2.208710e+03
