5000 1
-1.593193e-03
-4.798770e-03
0.000000e+00
0.000000e+00
1.368957e-03
-2.547941e-03
1.213340e-03
-5.394100e-03
0.000000e+00
0.000000e+00
-1.078936e-04
-1.451781e-04
-2.975269e-05
-6.052179e-03
-1.265712e-03
-5.401928e-03
-9.254512e-04
-5.233837e-03
-8.078831e-04
-5.768999e-03
-1.232457e-03
-3.113820e-03
-2.275116e-04
-5.773186e-03
-3.089516e-04
-6.689480e-03
-1.761838e-03
-3.860274e-03
-1.079892e-03
-5.608598e-03
4.891407e-04
-6.194108e-03
4.530113e-04
-5.623562e-03
-9.180397e-04
-2.905017e-03
9.115603e-04
-3.025186e-03
-1.406148e-03
-3.188618e-03
1.663208e-03
-4.079630e-03
1.348278e-03
-3.256109e-03
-4.194986e-05
-1.028633e-03
1.134495e-04
-6.181398e-03
-1.184390e-04
-6.455869e-03
-3.986014e-05
-6.425820e-03
1.154078e-03
-5.461927e-03
-9.573972e-04
-4.357497e-03
-8.050972e-04
-5.768951e-03
-1.021002e-03
-4.545416e-03
-7.047721e-04
-2.507872e-03
-1.052308e-03
-3.621146e-03
2.310550e-04
-6.627388e-03
-5.459841e-04
-2.150063e-03
1.117065e-03
-2.388943e-03
4.851522e-04
-5.725013e-03
1.621432e-03
-4.568497e-03
-1.561999e-03
-4.875986e-03
5.404088e-04
-3.199149e-03
8.768257e-04
-4.282232e-03
2.126015e-04
-6.524431e-03
-6.540388e-04
-2.831687e-03
-1.016731e-03
-2.959405e-03
1.240484e-04
-1.751183e-04
-4.315133e-04
-6.509418e-03
-1.256014e-04
-6.769997e-03
4.204247e-04
-5.224669e-03
-1.905424e-04
-6.049181e-03
6.433181e-04
-5.751219e-03
-8.760015e-04
-3.872125e-03
1.765803e-03
-4.276727e-03
7.780294e-04
-5.129884e-03
-1.719111e-03
-3.626993e-03
1.813312e-03
-3.247682e-03
-1.254378e-03
-4.172486e-03
9.035992e-04
-3.731342e-03
4.892795e-04
-1.867435e-03
6.127757e-04
-4.391666e-03
5.138464e-04
-3.780165e-03
5.596826e-05
-6.746102e-03
-3.480675e-04
-6.144379e-03
-4.822346e-04
-6.023798e-03
1.662493e-03
-2.924099e-03
-2.728510e-04
-3.487066e-04
-1.600145e-03
-3.359989e-03
-1.233522e-03
-5.271811e-03
2.020274e-04
-2.874334e-03
3.220255e-04
-1.615413e-03
3.417208e-04
-6.493876e-03
-8.458298e-04
-3.239184e-03
-7.467132e-04
-4.758259e-03
-7.830104e-05
-6.553904e-03
1.234614e-03
-3.243836e-03
-1.379798e-04
-6.405903e-03
-4.499222e-04
-2.470000e-03
1.543766e-03
-2.722798e-03
7.790345e-04
-3.364940e-03
-7.063803e-04
-4.681360e-03
-9.622359e-05
-5.736778e-03
3.122446e-04
-6.042033e-03
-6.591817e-04
-3.975465e-03
1.057234e-04
-3.107624e-03
-1.073743e-03
-3.220990e-03
-1.214509e-04
-8.731070e-04
-1.413421e-03
-5.119142e-03
8.317970e-04
-4.740101e-03
9.560794e-04
-2.285779e-03
5.949256e-04
-4.825441e-03
9.045475e-04
-5.695255e-03
3.543177e-04
-5.987713e-03
-1.716884e-03
-4.412667e-03
1.812251e-03
-4.061061e-03
-1.770229e-03
-4.121236e-03
-1.427342e-03
-4.828157e-03
-8.076133e-04
-3.457405e-03
-9.110573e-05
-9.431729e-04
-9.789470e-04
-4.918050e-03
-6.975205e-04
-5.893823e-03
4.053171e-04
-3.274583e-03
-1.339707e-03
-5.243359e-03
7.547710e-04
-5.803528e-03
-2.962755e-04
-6.203563e-03
-8.620305e-04
-5.272637e-03
8.293322e-04
-2.730023e-03
-8.664079e-04
-5.561878e-03
-1.393575e-04
-5.398382e-03
0.000000e+00
0.000000e+00
0.000000e+00
0.000000e+00
-1.690024e-03
-3.920856e-03
6.106458e-04
-1.296859e-03
1.863826e-03
-3.620013e-03
-8.479569e-04
-4.471758e-03
3.084068e-04
-4.531763e-03
3.950688e-04
-4.989950e-03
6.476316e-04
-2.045790e-03
1.521404e-04
-6.320984e-03
5.406411e-04
-5.605047e-03
-1.882335e-04
-4.480014e-03
9.364635e-04
-2.723339e-03
7.161633e-04
-5.465167e-03
-9.973478e-04
-2.671060e-03
-5.190311e-05
-6.267882e-03
1.734497e-03
-2.892618e-03
1.471091e-03
-2.890065e-03
-4.232213e-04
-1.816765e-03
-1.047210e-03
-4.118296e-03
-7.493461e-05
-6.618896e-03
-5.417743e-04
-5.798666e-03
-6.389189e-04
-5.229952e-03
-4.505903e-04
-5.229419e-03
9.662909e-04
-3.538413e-03
1.145129e-03
-2.588159e-03
6.335605e-05
-5.552218e-03
-1.644345e-03
-4.385104e-03
-1.120593e-04
-6.445489e-03
-4.932978e-04
-2.234051e-03
2.732075e-04
-1.936703e-03
1.073920e-03
-4.009857e-03
-4.323506e-04
-4.949768e-03
1.410551e-05
-5.757576e-03
-4.034745e-04
-6.037559e-03
8.020188e-04
-2.176125e-03
6.024197e-04
-2.769099e-03
-1.356334e-03
-4.409355e-03
-1.870197e-04
-6.603776e-03
-2.034907e-04
-6.027458e-03
7.293243e-04
-4.338981e-03
-2.748386e-04
-6.694814e-03
-2.795968e-04
-1.567375e-03
-1.785918e-05
-5.760565e-03
-5.434191e-05
-6.550317e-03
2.005462e-04
-5.900371e-03
-8.384432e-04
-3.155365e-03
-1.119831e-03
-4.098970e-03
1.034185e-03
-3.833929e-03
2.802849e-04
-5.691745e-03
-7.700774e-04
-4.210783e-03
4.262972e-04
-5.126236e-03
-1.605991e-05
-5.119564e-03
7.017217e-04
-5.770548e-03
-3.971160e-04
-5.518087e-03
8.125113e-04
-3.976373e-03
3.370901e-04
-5.780532e-03
-4.755183e-05
-6.368120e-03
6.261494e-04
-5.865505e-03
-9.853439e-04
-4.962719e-03
5.574989e-05
-5.240545e-03
8.304061e-05
-6.185334e-03
-1.454973e-03
-4.962712e-03
4.759865e-04
-3.468171e-03
-1.336211e-04
-6.256940e-03
-3.123425e-04
-3.284225e-03
-1.070089e-03
-5.142624e-03
8.269972e-04
-2.450724e-03
-8.503023e-04
-4.153523e-03
-9.877013e-04
-3.756613e-03
1.488708e-03
-3.587847e-03
7.816377e-05
-3.782612e-03
-1.012899e-04
-6.670763e-03
-7.786105e-05
-6.399038e-03
-4.299759e-04
-5.575463e-03
2.800415e-04
-5.385417e-03
-7.150714e-04
-3.007336e-03
1.351488e-03
-5.141397e-03
6.345102e-04
-2.105391e-03
-9.596528e-05
-1.079511e-03
-7.782777e-05
-6.382538e-03
-1.528900e-03
-3.997012e-03
4.906011e-04
-2.271536e-03
-3.965003e-05
-1.143239e-03
-7.054743e-04
-4.407137e-03
-2.330615e-04
-6.293308e-03
6.292929e-04
-5.129074e-03
2.273827e-04
-6.244653e-03
4.526933e-04
-5.314177e-03
8.998871e-04
-4.603625e-03
6.432181e-04
-2.425624e-03
-7.629958e-04
-2.719572e-03
6.627459e-04
-4.150590e-03
8.268073e-05
-6.396477e-03
1.355418e-03
-2.742719e-03
3.237594e-05
-4.868093e-03
5.114573e-04
-5.935767e-03
-1.211881e-04
-6.714314e-03
1.446957e-03
-4.092068e-03
2.883201e-04
-6.081001e-03
-4.237283e-04
-5.827927e-03
5.801220e-04
-5.388926e-03
8.625164e-04
-4.121930e-03
-2.972031e-04
-6.264047e-03
3.863368e-04
-5.624069e-03
-8.859456e-04
-4.547981e-03
4.703725e-05
-6.163001e-03
1.244412e-03
-3.594662e-03
-1.193192e-04
-5.956096e-03
-3.630420e-04
-3.973292e-03
-5.997217e-04
-6.265487e-03
-1.150607e-03
-3.266076e-03
-9.519421e-05
-6.431114e-03
-8.997610e-04
-5.075880e-03
7.106441e-04
-5.156761e-03
-5.767792e-05
-6.002668e-03
-2.534469e-04
-5.653262e-03
5.382006e-04
-5.916069e-03
-2.403961e-05
-6.301602e-03
3.767650e-04
-1.817266e-03
4.783185e-04
-5.008690e-03
2.188329e-04
-5.114442e-03
-1.162449e-03
-4.961106e-03
-1.152290e-04
-6.167435e-03
5.344688e-05
-8.082640e-04
1.270687e-03
-5.324315e-03
2.864537e-04
-6.090970e-03
-1.292055e-03
-3.985465e-03
-1.026701e-03
-4.312848e-03
-3.193344e-04
-6.122115e-03
-8.966522e-04
-5.732602e-03
9.708790e-04
-5.548226e-03
-1.100674e-03
-5.280032e-03
4.922095e-04
-5.810918e-03
2.337769e-05
-6.133970e-03
-9.411800e-05
-6.313475e-03
-4.530284e-05
-5.911577e-03
-1.432039e-03
-4.589388e-03
-1.002953e-03
-3.464227e-03
1.693968e-03
-4.252890e-03
1.176252e-03
-2.859271e-03
-1.687546e-04
-6.194606e-03
-7.513702e-04
-2.598928e-03
1.036488e-03
-4.518470e-03
-6.595395e-04
-5.694046e-03
4.611612e-04
-4.120112e-03
-7.967078e-04
-5.491709e-03
5.756788e-04
-4.643632e-03
-1.464820e-03
-3.615898e-03
1.027289e-03
-3.651658e-03
8.256718e-04
-4.393002e-03
-9.354932e-04
-4.642767e-03
-7.413854e-04
-2.840693e-03
-6.970272e-04
-5.846812e-03
3.763943e-04
-5.993547e-03
-1.110752e-03
-3.075355e-03
1.298829e-03
-3.089164e-03
9.702306e-04
-3.283730e-03
-4.521430e-04
-5.699514e-03
-7.741007e-04
-5.530454e-03
-2.195356e-04
-4.066156e-03
-3.047792e-04
-6.200569e-03
9.608434e-04
-2.473137e-03
-2.097527e-04
-6.332551e-03
1.378358e-04
-6.143680e-03
-9.820337e-05
-6.526118e-03
-1.954853e-04
-3.096971e-04
-1.337383e-03
-4.227359e-03
1.311138e-04
-1.652905e-03
9.131025e-05
-6.607347e-03
-8.029722e-04
-4.566603e-03
-5.318323e-04
-5.976288e-03
-2.683297e-04
-6.435701e-03
-3.166917e-04
-5.913744e-03
-1.155290e-04
-4.213546e-03
7.299526e-04
-3.402979e-03
-4.701248e-05
-6.115612e-03
8.153312e-04
-4.771596e-03
1.249875e-03
-4.908865e-03
1.557550e-04
-5.961234e-03
-3.868120e-05
-5.210753e-03
-3.202667e-04
-5.144846e-03
1.116871e-03
-3.344923e-03
-5.963988e-05
-6.503915e-03
-2.874352e-04
-6.534941e-03
-9.963496e-05
-3.067748e-03
1.958617e-05
-6.687844e-03
2.596808e-04
-6.017173e-03
-4.414712e-04
-6.461072e-03
9.083988e-05
-6.701979e-03
-6.912532e-04
-6.084955e-03
-5.019064e-04
-6.011330e-03
-1.238034e-04
-4.884714e-03
-6.037344e-04
-5.657115e-03
-1.368287e-03
-3.315630e-03
-2.363499e-04
-5.357801e-03
-1.110907e-03
-3.705401e-03
9.657213e-05
-4.274137e-03
-1.388717e-04
-2.709858e-03
-4.077617e-04
-5.993813e-03
-4.790330e-05
-6.453923e-03
1.900987e-04
-2.127362e-03
-1.304341e-03
-5.054276e-03
-2.445543e-04
-6.257355e-03
-1.211528e-03
-4.471521e-03
2.123079e-04
-4.059836e-03
3.242562e-04
-5.511093e-03
-6.153328e-04
-2.542708e-03
3.438483e-04
-2.831170e-03
-9.372144e-04
-3.062603e-03
2.094345e-04
-6.145461e-03
1.662948e-03
-4.390989e-03
8.292045e-04
-5.156424e-03
-1.554935e-03
-4.700586e-03
4.733197e-04
-4.332646e-03
-6.226897e-04
-4.668802e-03
1.612339e-03
-3.130408e-03
7.933116e-04
-4.999467e-03
-2.299881e-04
-1.773163e-03
-1.511741e-03
-3.839051e-03
-1.045847e-03
-5.006608e-03
1.030765e-03
-4.775925e-03
1.425301e-04
-5.573440e-03
-2.116201e-04
-5.923333e-03
-6.316448e-04
-5.752337e-03
1.754355e-03
-3.852193e-03
-2.342095e-04
-6.241017e-03
-5.466590e-04
-3.485363e-03
-7.051561e-04
-5.501642e-03
2.369005e-04
-5.995573e-03
-1.590442e-04
-6.380859e-03
-1.189718e-03
-5.427511e-03
-6.997208e-05
-6.455586e-03
2.750291e-04
-1.635540e-03
-7.986866e-04
-5.823568e-03
8.581124e-04
-5.698448e-03
-7.049195e-04
-5.230250e-03
-9.523689e-04
-3.343051e-03
-4.428045e-04
-1.353351e-03
1.660444e-04
-9.665157e-04
-2.339379e-04
-6.517436e-03
-1.143951e-03
-5.543601e-03
-2.012601e-04
-6.176923e-03
8.499411e-04
-5.259743e-03
1.503777e-04
-4.026062e-03
2.187413e-04
-5.884528e-03
1.115742e-04
-5.669665e-03
7.053809e-04
-5.717847e-03
-2.097511e-05
-5.422826e-03
-1.252068e-03
-3.352224e-03
-5.694528e-04
-3.483601e-03
6.839884e-04
-3.863492e-03
-1.183415e-03
-3.693448e-03
-8.428470e-05
-6.570150e-03
-8.664553e-05
-6.267914e-03
-2.226514e-04
-6.281887e-03
-1.073215e-04
-6.368128e-03
-5.342817e-04
-5.976433e-03
3.889631e-04
-4.087639e-03
9.395225e-04
-5.507246e-03
3.710798e-04
-3.823207e-03
-3.074730e-04
-6.081052e-03
-5.444839e-04
-3.177871e-03
-2.724077e-04
-6.208903e-03
1.655126e-04
-6.045275e-03
1.153173e-03
-4.870089e-03
-1.666277e-04
-6.321553e-03
-1.206044e-03
-3.142476e-03
-1.141164e-03
-3.858816e-03
-3.336876e-04
-6.163718e-03
-1.573877e-04
-6.686556e-03
-3.025563e-04
-6.005898e-03
-2.485396e-04
-6.119396e-03
-4.231033e-04
-1.829997e-03
2.722136e-04
-2.328305e-03
-9.725131e-04
-2.913330e-03
-1.218904e-04
-5.565420e-03
-2.068716e-04
-6.248283e-03
-4.073085e-06
-6.764818e-03
5.883597e-04
-5.822007e-03
1.737083e-04
-6.677586e-03
3.565398e-04
-4.894554e-03
-8.379067e-04
-2.980467e-03
1.217301e-03
-4.546058e-03
-7.254074e-04
-4.958762e-03
-1.089927e-03
-5.470120e-03
2.404127e-04
-4.511939e-03
-7.674667e-04
-2.500871e-03
-5.455967e-04
-5.103585e-03
5.760237e-05
-3.505391e-03
-5.893262e-04
-5.904846e-03
-1.248523e-04
-6.640507e-03
9.292695e-05
-4.628743e-03
3.200861e-05
-6.298844e-03
1.388688e-03
-4.291573e-03
-1.314672e-03
-4.587337e-03
-1.171355e-03
-4.657220e-03
1.375762e-04
-6.115499e-03
-1.688937e-04
-6.390840e-03
-6.402149e-04
-5.424175e-03
-9.994480e-04
-5.335934e-03
-5.406991e-04
-5.282694e-03
6.254633e-05
-6.294610e-03
-6.794150e-04
-2.516723e-03
8.760960e-04
-3.068137e-03
-1.771562e-04
-7.357328e-04
-1.516843e-04
-6.410717e-03
6.786553e-04
-2.125979e-03
2.763974e-04
-5.166694e-03
1.738610e-03
-3.444444e-03
-1.553014e-03
-3.286292e-03
-6.646620e-04
-4.992926e-03
-1.160234e-03
-4.204218e-03
1.019082e-04
-6.221861e-03
6.566923e-04
-4.953751e-03
-9.219003e-04
-3.682867e-03
-1.112026e-05
-6.735636e-03
4.853123e-04
-5.955061e-03
3.845000e-04
-2.766918e-03
4.030206e-04
-4.668514e-03
5.078022e-04
-5.932055e-03
3.746189e-04
-5.133317e-03
-1.292282e-03
-4.849518e-03
1.320730e-03
-4.641368e-03
7.949224e-05
-1.896672e-03
4.951607e-04
-5.933571e-03
-2.946278e-06
-4.903718e-03
-6.963879e-04
-3.395187e-03
-4.636022e-04
-5.956879e-03
-5.130891e-05
-6.245234e-03
3.511595e-04
-3.316146e-03
-1.197857e-04
-6.219873e-03
4.443102e-05
-6.331479e-03
-1.264155e-04
-6.464964e-03
-8.617588e-04
-5.663314e-03
1.561103e-03
-4.849565e-03
8.233352e-05
-1.275022e-03
-1.479464e-04
-8.717273e-04
-3.829750e-04
-3.623582e-03
4.441718e-04
-6.312550e-03
2.212388e-05
-6.260562e-03
3.509784e-04
-5.947340e-03
-1.150814e-06
-2.699819e-03
3.548015e-04
-5.855275e-03
-9.994770e-04
-5.601626e-03
-2.867125e-04
-3.376504e-03
-1.530751e-03
-3.355950e-03
2.704162e-04
-6.353178e-03
-1.627911e-03
-4.520428e-03
-8.437462e-05
-6.590874e-03
-1.396614e-03
-4.026977e-03
1.678649e-04
-6.432511e-03
-2.031361e-04
-1.703211e-03
3.580888e-04
-3.027546e-03
4.727400e-04
-5.313090e-03
-1.683070e-03
-4.098739e-03
6.208741e-04
-2.224773e-03
1.536824e-04
-5.841973e-03
1.010486e-03
-5.213114e-03
4.139338e-04
-5.954999e-03
-3.872387e-04
-4.734136e-03
-2.872667e-04
-2.520579e-03
-3.487092e-04
-6.135283e-03
-1.057021e-03
-4.802743e-03
-1.223706e-04
-6.126239e-03
-2.282517e-05
-6.427960e-03
-1.491403e-03
-4.400954e-03
8.785755e-04
-3.535803e-03
-3.504949e-04
-5.780307e-03
1.197982e-03
-2.445464e-03
-1.808383e-04
-6.733478e-03
-6.231042e-05
-6.202507e-03
1.659157e-03
-3.305120e-03
-1.573688e-03
-3.686633e-03
-9.762040e-05
-5.806265e-03
1.480447e-03
-4.607110e-03
-4.335446e-04
-6.032742e-03
-2.089782e-04
-6.216653e-03
-2.477472e-04
-6.728901e-03
5.320277e-04
-4.669370e-03
-6.162445e-04
-5.845060e-03
-1.310684e-03
-3.731358e-03
2.171900e-04
-5.398041e-03
-8.169644e-04
-5.037671e-03
-4.189484e-04
-6.124703e-03
5.675495e-04
-5.793753e-03
-6.537416e-04
-5.888894e-03
1.215794e-03
-4.151504e-03
-7.871086e-04
-5.369612e-03
-1.904685e-04
-6.337795e-03
1.256651e-03
-3.833082e-03
-2.107188e-04
-6.269755e-03
-5.459982e-04
-5.462767e-03
-1.830746e-04
-6.364673e-03
-1.193663e-04
-6.573443e-03
-1.691608e-03
-3.516573e-03
-1.013164e-03
-4.543227e-03
-4.794784e-05
-6.168174e-03
4.604103e-04
-2.923953e-03
3.118432e-04
-5.377850e-03
8.796618e-04
-5.375797e-03
6.135826e-04
-5.532024e-03
-8.787614e-04
-3.547523e-03
-2.297879e-05
-6.425031e-03
1.248179e-04
-6.040142e-03
6.950407e-04
-4.737168e-03
-4.540536e-05
-6.629501e-03
-4.935918e-04
-4.110733e-03
-9.592226e-04
-4.016843e-03
-7.965294e-05
-5.623551e-03
7.896561e-05
-6.292088e-03
-6.077060e-04
-4.971446e-03
-1.842319e-04
-5.888357e-03
-1.202810e-04
-6.476320e-03
6.417034e-05
-6.280422e-03
-1.675250e-03
-4.206599e-03
-8.894490e-04
-4.812154e-03
2.221314e-04
-5.635240e-03
-3.431271e-04
-5.339651e-03
1.933316e-04
-6.162502e-03
-8.185535e-05
-6.559860e-03
-4.299565e-04
-4.374426e-03
1.458798e-05
-6.368822e-03
-1.192604e-03
-3.996746e-03
8.171657e-04
-5.657900e-03
5.835067e-04
-2.347366e-03
-8.834059e-05
-6.549074e-03
-4.400606e-04
-6.052281e-03
-1.562194e-04
-6.512555e-03
5.954955e-04
-3.504745e-03
-5.398694e-04
-6.174901e-03
-5.220390e-04
-4.448379e-03
-3.933477e-04
-5.334367e-03
6.328064e-04
-5.649736e-03
8.222725e-04
-5.510686e-03
-1.355909e-04
-6.361210e-03
-7.876169e-05
-6.478990e-03
1.168978e-03
-5.275561e-03
-6.268563e-04
-5.279709e-03
-1.742565e-04
-6.072493e-03
-4.427362e-06
-2.315314e-03
2.202061e-04
-6.044626e-03
-8.187023e-04
-2.759857e-03
-1.131833e-04
-6.510650e-03
4.669012e-04
-5.467527e-03
3.938388e-04
-5.994928e-03
7.828182e-04
-2.929689e-03
4.178508e-04
-5.988038e-03
8.607302e-05
-6.223760e-03
7.337971e-04
-3.551394e-03
3.028350e-04
-5.806613e-03
1.005239e-03
-5.090800e-03
1.532731e-04
-6.211766e-03
-2.332173e-04
-6.031721e-03
8.901439e-04
-4.880609e-03
-3.640137e-04
-4.697871e-03
-1.226833e-03
-3.557754e-03
1.045761e-03
-2.982002e-03
5.661291e-04
-3.951987e-03
5.512080e-04
-2.487106e-03
-4.195067e-04
-6.236893e-03
4.765820e-04
-1.890935e-03
-5.542497e-05
-6.476779e-03
-1.093989e-03
-4.597102e-03
-8.026448e-04
-4.778737e-03
1.000675e-03
-4.355487e-03
3.032688e-04
-6.040228e-03
-7.650230e-04
-5.652580e-03
1.343867e-04
-6.102827e-03
5.330258e-05
-5.843958e-03
-6.516689e-04
-5.646984e-03
-4.252816e-04
-5.884282e-03
1.233645e-05
-6.342107e-03
-1.080224e-04
-3.545498e-03
2.304481e-04
-3.200841e-04
3.496001e-04
-6.023543e-03
-1.971320e-04
-6.245308e-03
4.666686e-05
-6.222287e-03
5.110706e-05
-5.970203e-03
-9.420099e-04
-2.253262e-03
-5.931442e-05
-4.423533e-03
7.298515e-04
-2.358939e-03
-1.082929e-03
-3.156434e-03
-2.916870e-04
-6.053885e-03
4.948640e-04
-5.568395e-03
-3.407447e-04
-6.592572e-03
-8.871851e-04
-5.575745e-03
-1.802158e-04
-4.675977e-03
-1.461714e-03
-4.184765e-03
-7.804296e-04
-3.247832e-03
-1.187231e-04
-4.949620e-03
-1.537378e-03
-3.433662e-03
1.594859e-03
-2.953715e-03
1.337160e-04
-5.346506e-03
1.262735e-03
-2.616364e-03
-3.036942e-04
-5.727217e-03
-8.377066e-04
-5.183659e-03
6.795275e-04
-4.526733e-03
7.485898e-04
-5.425622e-03
3.492394e-04
-6.043100e-03
1.175683e-03
-5.142752e-03
1.033532e-04
-6.265746e-03
1.054982e-03
-2.615351e-03
-5.649429e-04
-5.453095e-03
5.326685e-04
-1.984176e-03
-7.956682e-05
-6.629899e-03
2.954422e-05
-6.296555e-03
-2.342496e-04
-5.099816e-03
-8.106646e-04
-3.889778e-03
1.559130e-03
-3.734392e-03
-1.599636e-03
-4.172801e-03
-2.041674e-04
-5.335882e-03
2.538673e-04
-4.644323e-03
1.368914e-03
-3.480317e-03
-4.664283e-04
-2.956624e-03
-8.679037e-05
-5.326779e-03
-8.836284e-04
-2.867359e-03
1.122348e-03
-3.639044e-03
-5.354400e-06
-5.653665e-03
-6.628836e-04
-4.664683e-03
7.342969e-04
-3.144543e-03
-8.595732e-04
-3.519708e-03
1.449719e-03
-4.409574e-03
-6.821581e-04
-4.067122e-03
-1.009683e-03
-3.019805e-03
9.270034e-04
-2.596854e-03
-6.174241e-04
-2.033682e-03
3.856551e-04
-1.545328e-03
-9.367311e-04
-4.288836e-03
6.897344e-04
-5.314010e-03
-5.572279e-04
-5.885368e-03
1.747980e-04
-6.117434e-03
2.196169e-04
-6.163787e-03
-1.184175e-03
-5.079083e-03
2.237279e-04
-6.117562e-03
8.832369e-04
-4.516048e-03
-4.360133e-04
-6.043735e-03
-5.013105e-04
-5.820393e-03
5.826076e-04
-3.273909e-03
-5.787608e-05
-6.576140e-03
-7.388558e-04
-5.330954e-03
8.037377e-04
-2.272704e-03
-3.790501e-04
-6.075070e-03
2.402775e-04
-6.127853e-03
-8.784042e-04
-5.704224e-03
9.597298e-04
-4.085504e-03
-5.194690e-05
-6.419855e-03
5.864242e-05
-6.240902e-03
-1.000561e-04
-6.004486e-03
1.519978e-03
-3.298409e-03
-5.602912e-04
-2.207283e-03
-1.022889e-03
-3.560695e-03
-1.675732e-04
-3.834454e-03
1.587042e-04
-5.027790e-03
2.019948e-05
-6.420552e-03
-6.033654e-04
-5.946015e-03
-1.149420e-04
-3.328502e-03
-3.893247e-05
-6.700995e-03
2.971736e-05
-6.621416e-03
1.289646e-04
-4.870293e-03
-3.566634e-04
-6.404987e-03
-3.127966e-04
-6.186134e-03
-8.495710e-04
-4.267286e-03
-2.873948e-04
-4.599856e-03
1.331905e-03
-4.820408e-03
5.463063e-04
-5.790784e-03
3.915051e-04
-2.228828e-03
-2.804572e-04
-1.446919e-03
-2.666866e-04
-3.824858e-03
-7.057549e-04
-5.803593e-03
-2.395003e-04
-6.283545e-03
-8.251408e-04
-5.277499e-03
-2.260926e-05
-6.364740e-03
-6.972973e-04
-3.896150e-03
7.756356e-05
-6.100467e-03
-1.418539e-03
-3.766153e-03
7.704977e-04
-4.952244e-03
-3.612206e-04
-6.025869e-03
3.724587e-04
-6.016432e-03
-3.709758e-04
-4.961684e-03
6.041106e-04
-5.483890e-03
1.136045e-03
-2.767758e-03
-8.906509e-04
-5.425851e-03
-1.425649e-03
-5.166516e-03
-1.234205e-04
-6.446505e-03
-5.225782e-04
-6.358330e-03
-8.217547e-05
-6.673449e-03
4.078112e-04
-5.667504e-03
-1.293096e-03
-5.126616e-03
3.053655e-04
-5.762728e-03
1.372553e-03
-3.974214e-03
-4.899740e-04
-5.500651e-03
-3.656451e-04
-5.875045e-03
-1.067842e-03
-5.400175e-03
5.456256e-04
-5.301951e-03
2.814841e-04
-2.871816e-03
2.136598e-04
-3.865793e-03
1.235298e-03
-3.356796e-03
-1.580165e-03
-4.481537e-03
6.377242e-05
-6.526239e-03
-9.623547e-05
-6.495592e-03
6.106397e-04
-2.914276e-03
-5.172452e-04
-4.707412e-03
3.534028e-04
-4.396099e-03
-2.634243e-04
-6.152544e-03
1.348060e-03
-3.009926e-03
-2.770521e-04
-5.623381e-03
8.861402e-04
-4.301727e-03
-1.626689e-04
-6.620645e-03
1.172739e-03
-4.408596e-03
-4.588730e-04
-6.001467e-03
1.226167e-03
-5.305694e-03
-1.634366e-03
-3.867245e-03
8.862821e-05
-1.447966e-03
-5.613436e-04
-5.321669e-03
5.410623e-04
-5.765002e-03
1.181864e-04
-5.517964e-03
-2.823079e-04
-5.545203e-03
5.510864e-04
-4.458912e-03
-6.073055e-04
-3.040133e-03
-8.605986e-05
-6.518881e-03
2.505201e-04
-5.100732e-03
-3.147256e-04
-3.034888e-03
-2.273925e-06
-5.456167e-03
1.497476e-04
-4.787365e-03
-8.362065e-05
-6.579966e-03
2.277028e-04
-6.131472e-03
1.751824e-03
-3.644148e-03
2.574605e-04
-3.188284e-03
-8.742513e-05
-6.417003e-03
1.236876e-04
-5.664353e-03
1.361837e-04
-6.217593e-03
1.330170e-04
-6.603035e-03
-1.148223e-03
-3.549270e-03
-2.359472e-05
-3.884671e-03
-5.568956e-04
-5.971406e-03
-3.250320e-04
-6.175483e-03
1.520020e-03
-4.780416e-03
8.821418e-05
-6.677215e-03
-7.165444e-04
-4.994047e-03
-1.578296e-04
-6.218558e-03
7.053195e-04
-2.728623e-03
-4.603242e-05
-1.440284e-03
-1.308008e-03
-4.741269e-03
-2.861245e-04
-6.158527e-03
-1.114613e-03
-3.374000e-03
4.677379e-04
-5.901897e-03
-5.755521e-04
-5.650212e-03
1.576717e-03
-4.117778e-03
-5.213743e-04
-5.724579e-03
2.221029e-04
-1.976141e-03
-4.257556e-04
-2.038391e-03
-3.500771e-04
-4.132555e-03
-2.300916e-04
-6.649101e-03
-2.686104e-04
-6.073943e-03
-4.580478e-06
-6.163987e-03
-1.314289e-04
-5.787755e-03
2.959845e-05
-2.197740e-03
-1.164317e-03
-4.762782e-03
-1.050517e-03
-4.111949e-03
5.353911e-06
-6.279767e-03
-3.344053e-04
-6.097003e-03
6.847579e-04
-5.672827e-03
9.212144e-04
-3.917554e-03
3.655047e-04
-5.579167e-03
1.531059e-04
-6.194473e-03
1.323908e-03
-5.107489e-03
-1.220525e-03
-3.200340e-03
2.658867e-04
-4.772634e-03
-4.564768e-04
-5.012685e-03
1.002684e-04
-6.061951e-03
-3.934136e-05
-6.090580e-03
-1.968778e-05
-6.427903e-03
5.044435e-04
-4.825224e-03
2.965113e-04
-6.009133e-03
6.194949e-04
-5.552395e-03
-1.097430e-04
-6.636371e-03
-4.928427e-05
-6.470568e-03
1.129329e-03
-3.094174e-03
-1.267241e-03
-3.792824e-03
-6.077182e-04
-6.031616e-03
6.403009e-04
-5.086194e-03
-5.363583e-04
-5.957602e-03
-3.877231e-04
-6.101550e-03
8.346362e-04
-3.619359e-03
1.087762e-04
-6.018087e-03
-1.265015e-03
-3.183515e-03
-6.925289e-05
-6.518579e-03
1.074630e-03
-3.459342e-03
6.611270e-04
-3.759530e-03
-1.433381e-04
-6.182938e-03
5.020524e-04
-5.743000e-03
-4.687541e-04
-2.551368e-03
2.095475e-04
-1.483557e-03
-2.930627e-04
-4.972513e-03
1.311843e-04
-4.507918e-03
-1.657625e-04
-6.375245e-03
-8.140364e-04
-3.018830e-03
-6.052946e-04
-3.039950e-03
-9.561911e-04
-5.191273e-03
-7.486383e-04
-4.258723e-03
4.664382e-04
-6.091469e-03
1.486865e-03
-3.056033e-03
-4.066057e-04
-5.578697e-03
-1.012833e-03
-3.232759e-03
-7.775671e-04
-5.470210e-03
2.461141e-04
-4.249089e-03
-5.017463e-04
-5.911797e-03
-7.289357e-04
-3.495827e-03
-1.922728e-04
-5.572419e-03
7.615056e-04
-4.674048e-03
-1.016456e-04
-6.318000e-03
2.199983e-04
-5.556038e-03
5.340152e-04
-5.141790e-03
-9.805691e-04
-4.739952e-03
9.306631e-04
-3.050285e-03
-5.294446e-04
-3.637022e-03
4.492009e-04
-4.459960e-03
7.482797e-04
-3.525100e-03
2.882589e-04
-6.088216e-03
-5.443882e-04
-6.306540e-03
8.555656e-04
-5.349258e-03
4.577628e-04
-5.971167e-03
8.534395e-04
-5.061819e-03
-1.674163e-04
-6.587101e-03
6.443633e-04
-3.562874e-03
-7.301970e-04
-4.534089e-03
8.605810e-04
-2.293372e-03
8.741185e-04
-5.545992e-03
-4.005223e-05
-6.760025e-03
6.942125e-04
-2.477199e-03
-6.238432e-04
-3.785777e-03
-2.689003e-05
-6.076757e-03
1.519993e-04
-6.171842e-03
7.568973e-05
-3.952113e-03
-1.974378e-04
-6.159888e-03
-3.684780e-04
-5.961861e-03
-8.139048e-04
-4.960806e-03
-5.848802e-05
-6.617839e-03
-6.010582e-05
-6.304911e-03
-8.903427e-05
-6.608887e-03
-1.352324e-03
-3.560834e-03
-3.850509e-04
-6.089083e-03
-8.820332e-04
-3.283334e-03
5.069124e-04
-4.750501e-03
3.428374e-04
-6.005935e-03
-4.906366e-04
-5.245550e-03
1.324208e-03
-4.154585e-03
-5.513441e-04
-4.295936e-03
2.304943e-04
-6.058997e-03
-8.618161e-05
-6.351298e-03
-7.578554e-04
-5.618878e-03
-1.524823e-05
-6.079231e-03
1.005924e-03
-4.247658e-03
-5.796893e-04
-4.337706e-03
3.125158e-04
-3.525210e-03
9.371320e-04
-4.745023e-03
-1.072418e-04
-6.146370e-03
7.453654e-04
-3.790399e-03
-2.730639e-04
-2.396005e-03
1.644339e-03
-3.540875e-03
-1.469733e-03
-3.331359e-03
-2.947285e-04
-6.340407e-03
-1.187430e-03
-3.411662e-03
-5.714249e-04
-5.947883e-03
5.243688e-04
-4.079889e-03
-9.600702e-05
-6.709027e-03
-9.289255e-04
-3.960158e-03
1.093588e-03
-4.766935e-03
-9.099153e-04
-4.589139e-03
-1.063969e-03
-4.918932e-03
-1.180165e-04
-6.472193e-03
-7.302666e-04
-5.567280e-03
-1.289897e-04
-6.276434e-03
-4.587514e-04
-5.903922e-03
-1.015759e-05
-6.193010e-03
8.392874e-05
-5.169407e-03
-8.049371e-04
-3.587771e-03
9.054527e-04
-5.083892e-03
-1.044046e-03
-3.797249e-03
1.260608e-05
-6.144414e-03
-3.538794e-04
-3.815659e-03
9.993360e-04
-5.355251e-03
-3.983200e-04
-6.088829e-03
3.738564e-04
-1.946250e-03
8.033938e-04
-5.718336e-03
1.153610e-03
-3.998437e-03
-1.042660e-04
-1.119943e-03
1.306586e-03
-4.352565e-03
5.474453e-05
-4.524483e-03
1.269629e-04
-2.633699e-03
-1.268152e-03
-3.697246e-03
1.885520e-05
-5.924811e-03
1.182417e-04
-6.141519e-04
1.573570e-04
-4.707703e-04
-2.893715e-05
-1.000918e-03
5.431337e-05
-7.023653e-04
-1.303611e-04
-6.395887e-03
1.151135e-04
-4.187919e-03
3.260623e-06
-1.722619e-03
-1.325287e-04
-5.188202e-03
3.868982e-04
-5.843496e-03
1.025105e-03
-3.213113e-03
4.382730e-04
-5.915469e-03
-1.411705e-04
-5.628807e-03
8.547629e-04
-4.521262e-03
-4.627678e-05
-6.391564e-03
1.263510e-03
-2.998473e-03
2.744600e-04
-6.052497e-03
1.326855e-03
-4.915774e-03
-2.305242e-04
-6.078405e-03
6.294988e-05
-5.382879e-03
-1.727648e-04
-6.331740e-03
3.528738e-05
-6.324636e-03
2.372931e-04
-5.953135e-03
-4.766062e-04
-6.341462e-03
-4.373497e-04
-5.735962e-03
5.802687e-05
-4.743949e-03
1.711392e-03
-4.485243e-03
-3.596581e-08
-6.398123e-03
-1.679048e-05
-5.959599e-03
-6.219257e-04
-5.561080e-03
-5.803291e-04
-2.573594e-03
-4.915633e-04
-6.018817e-03
-5.654276e-05
-3.772608e-03
-9.144725e-05
-6.590446e-03
5.034015e-04
-2.818029e-03
-6.725254e-04
-2.587831e-03
-9.199019e-04
-4.218123e-03
6.219829e-04
-5.842830e-03
-5.822586e-05
-6.214181e-03
7.943865e-04
-2.632211e-03
-1.044279e-03
-3.464837e-03
-2.316039e-04
-4.217553e-03
1.023216e-03
-2.881703e-03
-1.675234e-04
-6.060838e-03
-1.851699e-04
-6.712100e-03
-4.080496e-04
-5.220645e-03
4.388249e-04
-5.872769e-03
-4.786462e-04
-6.000526e-03
-1.316216e-03
-3.153943e-03
-1.078397e-03
-4.355530e-03
-3.201623e-04
-2.264194e-03
-7.621789e-05
-6.585248e-03
1.323272e-03
-3.760619e-03
1.978153e-04
-5.648975e-03
-9.239336e-04
-3.513638e-03
0.000000e+00
0.000000e+00
-6.661496e-04
-5.788724e-03
-1.672321e-04
-6.426193e-03
-1.209046e-03
-4.364211e-03
8.783986e-04
-2.234372e-03
1.190381e-05
-1.107880e-03
5.971972e-04
-5.892860e-03
6.024640e-04
-5.889482e-03
2.691888e-04
-6.069104e-03
-1.459850e-03
-3.467668e-03
1.846266e-03
-3.840574e-03
-1.734102e-04
-1.159432e-03
-2.051413e-04
-1.300770e-03
-7.726580e-04
-5.825670e-03
-7.003152e-05
-6.641109e-03
5.006706e-04
-2.008576e-03
-9.014627e-04
-3.072055e-03
-2.593943e-04
-6.196241e-03
8.871858e-04
-2.574706e-03
1.288688e-04
-5.821578e-03
-9.470897e-04
-5.472788e-03
-1.045352e-04
-6.321926e-03
2.995674e-04
-2.522444e-03
3.840649e-04
-6.199591e-03
-7.919040e-05
-6.514273e-03
2.118110e-04
-5.556846e-03
1.023725e-04
-6.241643e-03
-4.221233e-05
-6.468476e-03
1.128095e-03
-2.484785e-03
3.372701e-05
-3.166329e-03
5.066320e-04
-3.512140e-03
-6.133138e-05
-4.750741e-03
5.837989e-04
-2.830444e-03
7.353831e-04
-5.314116e-03
-1.568940e-04
-5.133494e-03
-1.002392e-03
-4.739344e-03
4.945272e-04
-3.635648e-03
-8.876352e-05
-6.549378e-03
-7.606060e-04
-2.788174e-03
-9.867161e-04
-5.670876e-03
1.008753e-03
-4.878834e-03
-8.350831e-04
-5.446048e-03
-2.629294e-05
-6.617969e-03
2.110593e-05
-4.658367e-03
2.227435e-04
-6.111710e-03
-1.062493e-03
-3.570737e-03
-8.121786e-04
-5.147319e-03
1.499514e-04
-3.831145e-03
5.161168e-04
-5.889602e-03
3.599367e-05
-6.176042e-03
-1.322990e-03
-5.326480e-03
-5.014530e-04
-2.039524e-03
-4.858487e-04
-1.997092e-03
-2.953939e-04
-6.196337e-03
-7.574777e-04
-5.718477e-03
-1.543149e-05
-6.329448e-03
-4.901641e-04
-5.683218e-03
1.745311e-03
-3.999394e-03
-6.606464e-04
-4.400563e-03
9.426174e-04
-5.628066e-03
3.917601e-05
-6.339509e-03
1.634735e-03
-2.808655e-03
1.546121e-03
-2.830971e-03
8.946246e-04
-2.927538e-03
-4.787966e-05
-6.674145e-03
-1.622733e-03
-4.720348e-03
-1.481415e-03
-4.844202e-03
-1.466881e-03
-4.737762e-03
4.791891e-04
-5.859043e-03
6.031428e-04
-5.875100e-03
-8.917982e-04
-4.745066e-03
4.958601e-04
-2.412388e-03
5.417776e-04
-2.337818e-03
-6.855179e-04
-5.952674e-03
-4.742069e-04
-6.008980e-03
-1.628058e-03
-3.594959e-03
-2.237943e-04
-2.812195e-03
-3.810042e-06
-6.751226e-03
-5.256770e-05
-6.747618e-03
2.877950e-04
-6.565537e-03
-3.948204e-04
-6.084431e-03
1.554867e-03
-3.885743e-03
4.204821e-04
-5.749619e-03
7.940670e-04
-5.130202e-03
1.064521e-03
-4.304068e-03
4.124452e-04
-5.309242e-03
-3.848927e-04
-4.435643e-03
-1.735980e-04
-4.347001e-03
-5.793080e-04
-5.372011e-03
7.127648e-04
-4.370306e-03
3.291827e-04
-6.048687e-03
-2.425459e-04
-5.064786e-04
9.169528e-04
-3.730806e-03
-8.090133e-05
-5.919966e-03
-1.104184e-04
-4.499794e-03
-7.571589e-04
-3.374459e-03
-1.046155e-03
-3.339446e-03
-4.194318e-04
-6.075325e-03
-1.177266e-04
-6.406381e-03
-3.279069e-04
-6.062802e-03
1.410023e-03
-4.591340e-03
-3.649804e-04
-5.496676e-03
3.304586e-05
-6.210001e-03
1.037652e-04
-6.247122e-03
2.368264e-04
-1.622410e-03
3.858511e-04
-3.709419e-03
-9.189513e-04
-4.922156e-03
9.890229e-04
-2.411836e-03
9.213956e-04
-2.348001e-03
-1.889172e-04
-3.628170e-03
-6.444374e-05
-6.473305e-03
5.247149e-04
-5.932141e-03
-1.643176e-03
-3.749916e-03
-1.742275e-03
-3.742626e-03
-2.143130e-04
-6.250021e-03
3.169124e-05
-4.994636e-03
-3.261711e-04
-6.054832e-03
-4.481274e-04
-6.001448e-03
5.102496e-04
-5.545374e-03
-1.313520e-03
-3.240765e-03
-7.479270e-05
-6.530704e-03
-4.124230e-04
-2.241549e-03
-1.703112e-04
-6.408106e-04
-1.666349e-04
-3.439202e-04
2.360419e-04
-3.380333e-03
-7.676695e-04
-5.872870e-03
6.666298e-04
-5.161684e-03
3.198973e-05
-6.227104e-03
-3.661701e-04
-6.636512e-03
-1.297170e-03
-4.505520e-03
-9.426908e-04
-5.069832e-03
9.685923e-04
-5.189591e-03
-2.615857e-04
-6.246093e-03
-1.413373e-03
-3.389902e-03
-1.419281e-03
-3.266488e-03
-1.506877e-03
-3.215657e-03
-2.073229e-04
-1.483295e-03
-1.414281e-04
-1.594731e-03
-6.556257e-05
-1.230619e-03
2.100930e-05
-1.006888e-03
5.046146e-05
-1.162578e-03
0.000000e+00
0.000000e+00
1.394477e-04
-3.991729e-04
-2.486298e-05
-6.259080e-03
2.302316e-04
-6.421253e-03
7.363900e-04
-4.092694e-03
2.397704e-04
-6.128930e-03
-2.019883e-04
-6.522652e-03
-3.903784e-04
-5.096120e-03
-2.728090e-04
-6.011765e-03
-2.331479e-04
-6.094926e-03
-1.779021e-05
-6.526962e-03
-1.892439e-05
-6.408096e-03
5.686790e-04
-1.962512e-03
2.587253e-04
-5.852843e-03
-4.163101e-04
-3.598898e-03
1.696490e-04
-5.663032e-03
1.945317e-04
-6.122815e-03
-1.066096e-03
-5.263971e-03
1.098200e-03
-5.043401e-03
-4.579779e-04
-6.397206e-03
-5.143110e-04
-6.400171e-03
3.906271e-04
-3.947184e-03
-1.060250e-03
-2.999758e-03
-1.070043e-03
-3.083832e-03
-1.036027e-03
-5.609816e-03
-1.073289e-03
-5.547292e-03
1.100891e-03
-5.442859e-03
2.700024e-04
-5.265739e-03
5.970868e-04
-2.108684e-03
5.611420e-04
-2.139073e-03
9.248252e-04
-5.662563e-03
8.034585e-04
-5.752283e-03
-2.230112e-04
-6.301378e-03
-1.380191e-04
-6.129194e-03
1.799613e-03
-3.532458e-03
2.003881e-04
-5.795142e-03
4.233259e-04
-5.013021e-03
-1.124602e-04
-6.482403e-03
3.918878e-04
-4.695773e-03
4.091562e-04
-4.468126e-03
-6.689593e-04
-5.239740e-03
-7.336861e-04
-3.163083e-03
-4.560111e-04
-3.458579e-03
-2.813743e-04
-5.743584e-03
3.706254e-05
-1.375816e-03
6.545948e-04
-4.178958e-03
-8.002751e-04
-2.677598e-03
-3.101018e-04
-6.443196e-03
1.202602e-03
-2.542222e-03
1.202484e-03
-2.635653e-03
-1.180817e-04
-6.607608e-03
-5.799445e-04
-5.830980e-03
-7.680082e-04
-5.786303e-03
-6.550001e-04
-4.728266e-03
-1.441921e-03
-3.854403e-03
-1.090866e-03
-5.424653e-03
-1.012489e-03
-5.510260e-03
2.800470e-04
-5.329386e-03
1.185252e-03
-3.569114e-03
1.180096e-03
-3.686968e-03
-1.215177e-03
-4.873707e-03
-1.253823e-03
-5.320864e-03
-1.090522e-03
-4.052174e-03
-3.775051e-04
-6.188854e-03
1.762930e-04
-6.565205e-03
1.080630e-03
-4.666229e-03
3.379211e-04
-4.709840e-03
8.659762e-04
-2.382807e-03
-8.190771e-04
-1.762964e-03
-3.590085e-04
-1.664613e-03
-1.672272e-04
-1.282080e-03
-1.928581e-04
-8.642567e-04
-5.740281e-04
-1.132554e-03
1.642227e-03
-4.670493e-03
-8.305497e-04
-4.663495e-03
-8.359375e-04
-5.287904e-03
-8.972600e-04
-5.361535e-03
-1.554021e-03
-4.612498e-03
-1.675854e-03
-4.558240e-03
7.640324e-04
-4.871673e-03
6.732285e-04
-5.642931e-03
2.918785e-04
-6.023653e-03
2.475745e-04
-3.042874e-03
5.765413e-04
-3.179505e-03
9.167259e-04
-3.401412e-03
-7.132279e-05
-6.419379e-03
6.165391e-04
-5.225104e-03
-6.000224e-04
-5.443230e-03
-9.002998e-04
-4.051882e-03
-6.394480e-04
-4.061575e-03
-4.329536e-04
-6.065194e-03
-8.186345e-04
-5.824230e-03
1.689567e-04
-1.458780e-03
1.208406e-04
-1.287813e-03
-1.516441e-04
-6.750661e-03
-6.191244e-04
-5.042470e-03
1.281003e-03
-2.498731e-03
1.236525e-03
-5.185956e-03
2.911148e-04
-4.979494e-03
1.487636e-03
-4.481505e-03
1.346561e-03
-4.531520e-03
-3.668715e-04
-6.091368e-03
-1.152692e-03
-4.488505e-03
-9.277750e-05
-6.529081e-03
-5.409840e-04
-2.966748e-03
6.741670e-04
-2.568725e-03
1.839376e-03
-3.433465e-03
1.741897e-03
-3.334539e-03
1.642332e-03
-3.430262e-03
7.032272e-05
-4.166381e-03
-2.572294e-04
-6.308536e-03
-1.690772e-04
-6.254478e-03
5.092879e-04
-5.212729e-03
-1.207423e-03
-3.314865e-03
-6.600473e-04
-4.907360e-03
-6.034751e-04
-5.087581e-03
1.280456e-04
-6.239225e-03
-1.487867e-04
-6.177482e-03
-1.639436e-04
-6.155837e-03
-7.344470e-04
-5.501578e-03
-2.306264e-04
-5.602707e-03
1.450720e-03
-2.762911e-03
-1.615058e-04
-5.425324e-03
-3.265945e-04
-5.859931e-03
-1.192728e-03
-3.241254e-03
-1.299305e-03
-3.334826e-03
-1.248528e-03
-3.254411e-03
1.053024e-04
-3.597861e-03
-1.002807e-03
-5.197678e-03
-6.046589e-04
-3.648979e-03
4.317812e-04
-2.661075e-03
-2.972829e-04
-6.201139e-03
1.266930e-04
-6.066658e-03
-1.531933e-03
-3.616613e-03
-9.378290e-04
-2.975687e-03
-8.952341e-04
-2.962918e-03
-2.984806e-04
-6.135578e-03
7.084151e-04
-5.808851e-03
-7.781176e-04
-2.909429e-03
-4.311441e-04
-4.830249e-03
7.867207e-04
-3.107709e-03
5.263883e-04
-4.365846e-03
-1.028340e-04
-5.711830e-03
-5.442920e-06
-6.403442e-03
-3.138387e-04
-6.177788e-03
3.956169e-04
-5.809010e-03
3.941480e-04
-5.706209e-03
5.225903e-04
-5.690915e-03
6.788628e-04
-5.614726e-03
-5.768283e-05
-6.404611e-03
-7.745331e-05
-6.434749e-03
2.125955e-05
-5.632899e-03
-7.166182e-04
-5.876710e-03
-6.676542e-04
-5.898743e-03
-1.226654e-04
-6.185628e-03
9.467451e-05
-6.069040e-03
1.618834e-04
-6.070553e-03
2.743814e-04
-6.010116e-03
1.824680e-04
-6.040817e-03
-3.099738e-04
-4.834308e-03
-3.630472e-04
-4.872185e-03
7.665145e-05
-2.459635e-03
-5.328538e-05
-2.549795e-03
-5.127674e-04
-5.394620e-03
4.083134e-04
-1.751195e-03
3.485593e-04
-2.365321e-03
5.809991e-04
-4.996105e-03
-1.593065e-04
-6.402670e-03
6.061796e-04
-5.884088e-03
7.040772e-04
-5.824723e-03
8.308904e-04
-5.751456e-03
5.148122e-05
-6.685653e-03
-4.361728e-04
-4.068173e-03
5.697256e-04
-4.771423e-03
1.371297e-03
-4.407183e-03
1.448384e-03
-4.317724e-03
-2.515103e-04
-5.822479e-03
6.767510e-04
-3.435085e-03
-1.229144e-03
-5.110129e-03
-1.287418e-03
-4.998939e-03
5.099271e-04
-5.845015e-03
-1.312871e-03
-3.634411e-03
-6.037439e-04
-6.117984e-03
8.992985e-05
-6.199024e-03
3.535893e-04
-2.456417e-03
1.375195e-04
-2.645059e-03
3.520223e-04
-1.971110e-03
6.999679e-05
-1.621083e-03
-1.150885e-04
-1.957706e-03
8.122480e-04
-2.028053e-03
8.305825e-04
-5.550380e-03
1.540025e-04
-6.134180e-03
-7.129972e-04
-4.343770e-03
-1.031351e-03
-4.432820e-03
-2.107160e-04
-5.962104e-03
2.730394e-04
-5.970430e-03
7.856327e-04
-5.436387e-03
-5.349683e-04
-5.846545e-03
-2.854256e-04
-5.341522e-03
-7.424847e-04
-3.321359e-03
-6.923699e-04
-3.229141e-03
3.760814e-04
-6.098188e-03
7.658414e-04
-2.330157e-03
3.766091e-05
-6.328969e-03
-3.306148e-04
-6.479226e-03
-1.040721e-03
-3.122668e-03
-1.471623e-03
-4.642106e-03
1.421784e-04
-6.092508e-03
5.214324e-04
-5.753194e-03
4.500286e-04
-5.829665e-03
-4.150066e-04
-5.952101e-03
-9.940943e-04
-3.873557e-03
-1.290997e-04
-6.692399e-03
-3.655232e-04
-2.008090e-03
-5.407317e-04
-2.325280e-03
-1.084437e-03
-3.958458e-03
-3.101786e-05
-3.609954e-03
4.049755e-04
-2.909374e-03
1.318698e-03
-3.909788e-03
1.392488e-03
-3.826219e-03
-2.235049e-04
-6.607524e-03
1.086983e-03
-2.556341e-03
1.154354e-03
-5.231713e-03
1.259211e-03
-5.108611e-03
3.853125e-04
-5.476039e-03
1.200563e-03
-4.271755e-03
-4.999748e-05
-6.604160e-03
1.549817e-03
-3.486023e-03
1.565592e-03
-3.614944e-03
1.633492e-03
-3.775597e-03
1.659806e-03
-3.645703e-03
-2.864396e-04
-6.094689e-03
-2.096028e-04
-6.104744e-03
-4.066385e-04
-3.342185e-03
-4.981245e-04
-3.227637e-03
-7.021715e-04
-3.527713e-03
1.007359e-03
-4.453044e-03
-4.859990e-05
-6.428875e-03
-4.804017e-04
-5.906188e-03
-7.522149e-04
-3.972958e-03
3.062486e-06
-6.237754e-03
-6.979159e-04
-5.581560e-03
-6.298256e-04
-5.849242e-03
-5.723167e-04
-5.907817e-03
-1.093312e-04
-6.366253e-03
-1.352786e-04
-6.307269e-03
1.043144e-04
-6.232273e-03
3.615083e-04
-5.705001e-03
-2.234608e-05
-6.011278e-03
-1.319641e-05
-6.294919e-03
1.079726e-04
-5.765143e-03
-1.529987e-04
-5.042837e-03
-1.490970e-04
-4.008027e-03
-3.404692e-04
-6.130686e-03
1.405703e-03
-3.084336e-03
1.115055e-03
-2.665144e-03
1.219512e-03
-2.728083e-03
-4.826896e-04
-5.378369e-03
-2.350591e-04
-2.059822e-03
-1.471693e-04
-2.449185e-03
-9.439193e-06
-2.856099e-03
-3.306496e-04
-6.151439e-03
-2.018927e-04
-4.967330e-03
1.404251e-03
-5.004955e-03
1.472290e-03
-5.017356e-03
1.410248e-03
-4.922401e-03
1.415654e-03
-4.795494e-03
1.266877e-03
-5.034504e-03
-8.586997e-04
-4.644453e-03
7.648391e-04
-3.915489e-03
6.966082e-04
-3.984758e-03
-2.491140e-04
-4.049676e-03
-7.183189e-04
-4.495427e-03
-5.154075e-04
-4.497958e-03
-1.035597e-03
-4.339464e-03
-8.618921e-04
-4.405939e-03
-1.052057e-04
-6.473328e-03
-1.278532e-04
-6.444652e-03
2.220305e-04
-6.060429e-03
1.958936e-04
-6.053488e-03
3.392375e-04
-5.985766e-03
-7.688189e-04
-5.740798e-03
-5.699775e-04
-5.631888e-03
2.439650e-04
-3.436792e-03
6.041225e-04
-5.231423e-03
5.932292e-04
-3.082462e-03
-8.351614e-05
-6.653696e-03
2.227368e-04
-6.581573e-03
1.802924e-04
-6.625830e-03
-1.249164e-03
-4.622659e-03
8.120406e-04
-5.349330e-03
6.549309e-04
-5.468348e-03
-1.964819e-04
-5.719504e-03
-1.518379e-04
-5.661294e-03
5.899344e-04
-5.548108e-03
-2.414997e-04
-6.273879e-03
3.120334e-04
-4.084400e-03
-8.091298e-04
-2.837094e-03
-7.803970e-04
-2.688101e-03
8.073698e-05
-1.612188e-03
-1.706520e-04
-1.971838e-03
-9.999404e-05
-1.561863e-03
-2.615377e-05
-1.349398e-03
-1.064509e-04
-9.473530e-04
-1.061110e-04
-9.338098e-04
-2.517024e-04
-6.032705e-04
2.853528e-05
-1.202612e-03
1.607442e-04
-1.538976e-03
7.587140e-04
-4.457233e-03
-5.804436e-05
-6.446209e-03
-1.011760e-03
-4.991046e-03
6.457364e-04
-5.757825e-03
2.339517e-05
-6.319538e-03
-6.817925e-04
-5.589224e-03
-6.242264e-04
-5.344183e-03
-5.627289e-04
-5.961034e-03
1.074120e-03
-4.881276e-03
1.166643e-03
-4.761235e-03
-1.287258e-03
-3.538588e-03
-1.514474e-04
-6.713016e-03
-1.400223e-04
-6.736077e-03
-1.162867e-03
-5.348475e-03
-1.169227e-03
-5.394085e-03
1.285259e-03
-4.465718e-03
-5.747527e-04
-2.302517e-03
-6.182800e-04
-2.438866e-03
-6.187428e-04
-2.351117e-03
-6.536208e-04
-2.678065e-03
-5.104221e-04
-2.453046e-03
-5.537857e-04
-2.326968e-03
-4.805241e-04
-2.045089e-03
-4.533409e-04
-2.688914e-03
-6.117333e-04
-2.815577e-03
-5.336716e-04
-2.745117e-03
-3.296445e-04
-2.130194e-03
-3.666802e-04
-2.568028e-03
-3.192452e-04
-1.866272e-03
-3.742975e-04
-1.764146e-03
-3.514671e-04
-1.597724e-03
-6.914662e-05
-4.562574e-03
1.398380e-03
-2.925805e-03
1.517758e-03
-2.962421e-03
1.333727e-03
-2.871053e-03
1.564297e-03
-3.051096e-03
1.676840e-03
-3.022311e-03
5.308888e-04
-4.981997e-03
3.701840e-04
-4.845764e-03
5.943523e-04
-4.391863e-03
6.769723e-04
-4.582532e-03
6.726406e-04
-4.866594e-03
8.054541e-04
-4.943172e-03
1.256932e-05
-6.717608e-03
4.643741e-05
-6.726033e-03
1.149025e-04
-6.717841e-03
1.300215e-04
-6.673609e-03
1.118166e-04
-6.646777e-03
6.342544e-05
-6.639470e-03
2.058750e-05
-6.661214e-03
-1.809973e-04
-6.276476e-03
-7.441371e-05
-5.662823e-03
-3.033189e-04
-6.162202e-03
-2.515877e-04
-6.186779e-03
-3.450580e-04
-6.087602e-03
-3.923219e-04
-6.056625e-03
-5.233292e-04
-4.573999e-03
1.982530e-04
-1.735158e-03
1.591748e-04
-1.909544e-03
2.835179e-04
-1.794670e-03
3.294520e-04
-1.789778e-03
3.267201e-04
-1.675452e-03
4.343972e-04
-1.856728e-03
4.455192e-04
-1.988873e-03
2.268659e-04
-1.460048e-03
-1.243589e-04
-2.261586e-03
-2.318404e-05
-2.039559e-03
1.137957e-04
-2.168734e-03
1.757782e-04
-2.420862e-03
3.446983e-04
-2.036916e-03
2.163601e-04
-2.171791e-03
2.986633e-04
-2.166529e-03
-1.371065e-04
-6.341099e-03
-9.502609e-04
-5.659605e-03
-8.235511e-04
-5.776423e-03
-9.495345e-04
-5.726832e-03
-8.579938e-04
-5.776040e-03
-7.198442e-04
-5.848589e-03
3.236633e-04
-4.215413e-03
2.148418e-04
-4.398034e-03
8.432871e-06
-6.094329e-03
1.992094e-05
-6.121659e-03
7.009757e-05
-6.125403e-03
1.518535e-03
-3.170339e-03
1.596234e-03
-3.240595e-03
1.576427e-03
-3.370573e-03
1.707258e-03
-3.177366e-03
1.778505e-03
-3.064636e-03
8.990412e-04
-3.362259e-03
1.774249e-04
-6.175517e-03
7.009222e-05
-4.845742e-03
-1.049160e-03
-3.267211e-03
-1.110857e-03
-3.281782e-03
-1.152011e-03
-3.348796e-03
-1.180285e-03
-3.171466e-03
-1.153568e-03
-3.065286e-03
-1.121968e-03
-3.160654e-03
-3.486526e-04
-5.527920e-03
-6.261440e-04
-5.920370e-03
-5.609230e-04
-5.971415e-03
-6.282098e-04
-5.904107e-03
-4.381670e-04
-6.050602e-03
-5.113037e-04
-6.002140e-03
-5.075940e-04
-5.999488e-03
-6.120516e-04
-5.942004e-03
-6.760917e-04
-5.911015e-03
-1.699243e-05
-6.277367e-03
-1.143417e-03
-3.976316e-03
1.405616e-04
-5.464860e-03
-3.853012e-04
-5.903566e-03
-7.235451e-05
-6.016119e-03
2.533040e-04
-6.118826e-03
3.248421e-04
-6.050396e-03
-8.824564e-04
-3.637270e-03
9.835355e-04
-2.977919e-03
-6.833174e-04
-5.812657e-03
-7.507046e-04
-5.689759e-03
-8.411777e-04
-5.630817e-03
6.587342e-05
-6.295247e-03
-6.800559e-04
-4.542335e-03
-7.530141e-04
-4.387878e-03
5.337419e-04
-5.924324e-03
-5.824116e-05
-5.529560e-03
-7.281815e-06
-6.379391e-03
3.392018e-04
-6.044359e-03
-1.497978e-03
-4.493562e-03
-1.491739e-03
-3.714581e-03
-1.571082e-03
-3.777402e-03
-1.558391e-03
-3.899085e-03
-1.646357e-03
-4.013922e-03
-1.782430e-03
-3.978251e-03
-1.465108e-03
-3.946486e-03
-1.457740e-03
-4.049842e-03
-1.542566e-03
-4.105836e-03
-6.305735e-04
-5.789015e-03
-5.764179e-04
-5.879496e-03
-8.393032e-05
-6.562855e-03
-8.067015e-05
-6.568269e-03
-3.955302e-04
-6.431673e-03
-4.146479e-04
-6.363180e-03
8.860371e-04
-5.469604e-03
9.330929e-04
-5.466433e-03
1.002477e-03
-5.434407e-03
1.021964e-03
-5.470235e-03
1.253497e-03
-5.230249e-03
1.378803e-03
-5.174915e-03
1.136539e-03
-5.348281e-03
1.077129e-03
-5.254801e-03
1.085085e-03
-5.334959e-03
-1.721202e-04
-6.472453e-03
-1.313270e-04
-6.492362e-03
-8.430982e-04
-2.771266e-03
-8.416282e-04
-2.848385e-03
-8.627676e-04
-2.952110e-03
-8.703850e-04
-3.126374e-03
-9.180584e-04
-3.217398e-03
-9.606717e-04
-3.180397e-03
-8.866757e-04
-2.805371e-03
-9.952592e-04
-3.103694e-03
-9.555271e-04
-2.938962e-03
8.323102e-04
-4.884307e-03
7.640849e-04
-5.220574e-03
-1.378459e-03
-3.898065e-03
-3.795557e-05
-6.138059e-03
-5.979557e-05
-6.173126e-03
-1.321583e-03
-3.815677e-03
-1.358319e-03
-3.688702e-03
-1.415378e-03
-3.674955e-03
8.143356e-04
-4.292065e-03
-1.034379e-03
-4.894395e-03
1.531819e-03
-4.267524e-03
1.674133e-03
-4.169653e-03
1.790386e-03
-4.169553e-03
1.386790e-03
-4.714743e-03
1.607066e-03
-4.328521e-03
1.531532e-03
-4.652608e-03
1.561360e-03
-4.505603e-03
5.297955e-04
-3.885375e-03
6.079536e-04
-5.868191e-03
6.969548e-04
-5.797842e-03
7.804309e-04
-5.712490e-03
1.994930e-04
-5.079824e-03
4.421693e-04
-5.988644e-03
4.152505e-04
-5.916450e-03
5.647205e-04
-5.974130e-03
-3.676176e-04
-6.518219e-03
-4.211746e-04
-6.558454e-03
-3.188654e-04
-6.558338e-03
-2.847294e-04
-6.646163e-03
-2.744339e-04
-6.592978e-03
-2.379781e-04
-6.556080e-03
-2.028277e-04
-6.565437e-03
-1.617848e-04
-6.554462e-03
-2.245600e-04
-6.456581e-03
-2.671869e-04
-6.489332e-03
-4.734517e-04
-5.102660e-03
5.402271e-04
-5.554939e-03
3.761139e-05
-6.223649e-03
-8.727439e-04
-4.528502e-03
4.107207e-04
-4.399240e-03
-3.393030e-04
-6.136226e-03
-3.140107e-04
-6.200942e-03
-2.449904e-04
-6.227186e-03
-3.387801e-04
-6.299270e-03
9.498476e-04
-3.416916e-03
-6.378822e-04
-3.416018e-03
-6.752578e-04
-3.658630e-03
-3.752959e-04
-5.793205e-03
-4.253930e-04
-5.792358e-03
-4.187792e-04
-5.692333e-03
6.177083e-05
-6.588494e-03
1.136025e-04
-6.564586e-03
-3.444515e-05
-4.566351e-03
2.500638e-04
-6.092327e-03
1.851810e-04
-6.113377e-03
1.968197e-04
-6.085799e-03
3.069053e-04
-6.035338e-03
9.720762e-05
-6.142601e-03
9.065980e-04
-2.483856e-03
9.870012e-04
-2.584064e-03
1.057205e-03
-2.471709e-03
1.036731e-03
-2.330386e-03
-1.132145e-05
-6.363717e-03
-9.276354e-04
-5.316844e-03
-8.076237e-05
-6.142818e-03
3.222856e-04
-5.675260e-03
2.507664e-04
-5.774070e-03
1.324879e-03
-3.359371e-03
1.421211e-03
-3.343421e-03
1.298251e-03
-3.199542e-03
1.407961e-03
-3.203133e-03
1.460754e-03
-3.456368e-03
4.370654e-04
-5.979280e-03
3.689695e-04
-6.029603e-03
7.330868e-04
-2.590426e-03
7.674012e-04
-2.795033e-03
7.303544e-04
-2.948526e-03
6.592701e-04
-3.164279e-03
6.752262e-04
-3.004133e-03
6.358731e-04
-2.676068e-03
6.646800e-04
-2.843870e-03
-3.032944e-05
-6.725146e-03
-7.942267e-06
-6.700266e-03
-1.630061e-05
-6.675086e-03
3.164371e-04
-5.929924e-03
3.083269e-04
-5.898113e-03
8.571590e-05
-5.987921e-03
-1.146602e-03
-3.646075e-03
9.486236e-04
-4.457517e-03
-1.402466e-04
-6.360821e-03
-1.618927e-04
-6.360769e-03
-7.505673e-05
-6.722177e-03
-6.522461e-05
-6.771613e-03
-1.123426e-04
-6.759940e-03
-9.628434e-05
-6.740362e-03
-4.071418e-05
-6.433863e-03
-1.648526e-05
-6.471034e-03
-5.051355e-04
-5.193831e-03
-6.325768e-04
-5.166906e-03
5.684248e-04
-5.468546e-03
-8.225842e-04
-5.672429e-03
-8.100088e-04
-5.633570e-03
-6.890470e-04
-5.691139e-03
-6.998471e-04
-5.729917e-03
-7.324531e-04
-5.718049e-03
-6.404744e-04
-5.863037e-03
-6.856183e-04
-5.788533e-03
-5.804085e-04
-5.927233e-03
-6.189138e-04
-5.899577e-03
-8.991155e-04
-5.660628e-03
-7.910291e-04
-5.743467e-03
-7.222051e-04
-5.808074e-03
-1.165186e-03
-4.099830e-03
-9.929545e-04
-4.419220e-03
3.419815e-04
-2.885255e-03
-7.935444e-04
-4.677068e-03
-8.097330e-04
-5.383821e-03
2.934185e-05
-5.751859e-03
8.027071e-05
-5.618874e-03
8.973355e-04
-5.259624e-03
9.463998e-04
-5.315115e-03
9.331602e-04
-5.134861e-03
7.745665e-04
-5.333524e-03
8.142103e-04
-5.240389e-03
-1.986767e-04
-6.337492e-03
-1.455701e-04
-3.071814e-03
3.155875e-07
-3.240452e-03
-2.385362e-04
-3.181820e-03
-3.543853e-04
-2.914190e-03
-4.063940e-04
-3.245932e-03
-4.829119e-04
-3.146673e-03
-2.466788e-04
-3.894391e-03
-2.875666e-04
-3.711933e-03
-2.990448e-04
-3.492893e-03
-2.084120e-04
-3.411832e-03
-8.770465e-05
-3.565148e-03
-4.402029e-05
-4.114364e-03
-5.851977e-05
-3.792622e-03
1.747810e-04
-3.649377e-03
2.983127e-04
-3.945620e-03
5.364922e-04
-3.938272e-03
8.909201e-04
-4.022310e-03
1.909445e-04
-5.877800e-03
1.298918e-04
-5.919763e-03
1.938216e-04
-5.952754e-03
-1.107577e-03
-3.596071e-03
-6.849357e-04
-5.321773e-03
-1.239054e-03
-4.965471e-03
-3.514394e-04
-6.028728e-03
-3.731511e-04
-6.026269e-03
6.368371e-04
-3.365924e-03
6.971507e-04
-3.283312e-03
7.943022e-04
-3.241010e-03
5.119923e-04
-5.872850e-03
5.717633e-04
-5.815934e-03
4.404489e-04
-2.372091e-03
4.489017e-04
-2.132973e-03
5.200953e-04
-2.170049e-03
4.877322e-04
-2.671067e-03
3.252219e-04
-2.700655e-03
2.156085e-04
-2.667288e-03
4.113048e-04
-2.498961e-03
-5.459061e-04
-5.967283e-03
-5.816434e-04
-5.867982e-03
-5.582050e-04
-5.754683e-03
1.031559e-03
-3.348026e-03
-8.860817e-04
-4.040798e-03
1.068123e-03
-2.792829e-03
1.003547e-03
-2.729289e-03
9.459971e-04
-2.856166e-03
8.751661e-04
-2.709712e-03
8.265764e-04
-3.017021e-03
8.403705e-04
-2.843541e-03
8.626491e-04
-2.575547e-03
7.952244e-04
-2.514003e-03
7.386658e-04
-2.462759e-03
5.705307e-04
-2.640105e-03
5.162078e-04
-3.073009e-03
5.506892e-04
-2.871790e-03
5.953350e-04
-2.286198e-03
5.993594e-04
-2.467804e-03
6.684217e-04
-2.342618e-03
6.954441e-04
-2.252626e-03
7.266491e-04
-2.111889e-03
7.287753e-04
-2.201793e-03
-3.664756e-04
-4.613097e-03
2.262049e-04
-5.820206e-03
3.365112e-04
-5.939288e-03
2.202169e-04
-5.990745e-03
2.159308e-04
-6.089996e-03
2.998645e-04
-6.158475e-03
5.669657e-04
-5.188326e-03
6.008283e-04
-5.073893e-03
-8.962880e-05
-6.552933e-03
5.151045e-04
-5.479318e-03
4.932680e-04
-4.891418e-03
-1.854113e-04
-6.124776e-03
-3.609248e-04
-6.136168e-03
-8.001920e-04
-3.689958e-03
-1.054047e-03
-3.879589e-03
-5.855879e-04
-3.706279e-03
-4.421663e-04
-3.828360e-03
-5.092792e-04
-4.124354e-03
-3.856365e-04
-4.224041e-03
1.375318e-04
-6.225687e-03
1.694045e-04
-6.194010e-03
1.304665e-04
-6.384073e-03
1.137607e-04
-6.497679e-03
3.055654e-04
-6.425166e-03
2.634671e-04
-6.497815e-03
1.802788e-04
-6.493790e-03
-3.587890e-04
-5.613505e-03
-9.537233e-04
-5.342155e-03
-1.026444e-03
-5.242747e-03
-1.539710e-04
-5.979018e-03
1.160582e-05
-6.352188e-03
-7.257842e-06
-6.342554e-03
-2.572429e-05
-6.438687e-03
-1.101093e-03
-3.487258e-03
-1.046993e-03
-3.357009e-03
-9.966968e-04
-3.332795e-03
-1.147140e-03
-3.449211e-03
-1.187167e-03
-3.504158e-03
-1.271810e-03
-3.430426e-03
-1.351277e-03
-3.430909e-03
-1.417253e-03
-3.545047e-03
-1.495955e-03
-3.536157e-03
-1.563158e-03
-3.532464e-03
-1.645895e-03
-3.437438e-03
-1.227349e-03
-3.652205e-03
-1.185390e-03
-3.596720e-03
-9.889416e-04
-4.843609e-03
-9.409777e-04
-4.969130e-03
-1.326810e-04
-6.240666e-03
-9.274085e-05
-6.237483e-03
-8.456067e-05
-6.285052e-03
-1.254833e-04
-6.297069e-03
-9.076610e-05
-6.261778e-03
9.760282e-04
-3.784974e-03
-1.394587e-03
-4.714886e-03
-1.354691e-03
-4.868962e-03
-1.373761e-03
-4.969826e-03
-1.400441e-03
-5.071246e-03
-1.495123e-03
-5.025353e-03
-1.310669e-03
-5.205287e-03
-1.126646e-03
-5.312822e-03
-1.205525e-03
-5.244536e-03
-1.104184e-03
-5.175461e-03
-1.150156e-03
-5.185945e-03
-1.135919e-03
-5.048979e-03
-1.027413e-03
-5.383825e-03
-9.292049e-04
-5.430139e-03
-8.640495e-04
-5.524776e-03
-9.987207e-04
-5.570998e-03
-1.113318e-03
-5.487667e-03
-1.205428e-03
-5.475411e-03
-9.267821e-04
-5.584925e-03
-9.780779e-04
-5.495200e-03
1.487285e-03
-3.834557e-03
1.479327e-03
-3.717094e-03
1.406788e-03
-3.620926e-03
-9.938269e-05
-6.578368e-03
-1.010284e-04
-6.619576e-03
-9.935492e-05
-6.650055e-03
-8.296236e-05
-6.607122e-03
-8.977955e-05
-6.633522e-03
-5.073187e-04
-4.992402e-03
-4.426728e-04
-5.079409e-03
-2.487856e-04
-4.793131e-03
-2.258488e-04
-4.932155e-03
-2.202607e-04
-5.056021e-03
3.867403e-04
-4.526462e-03
4.594393e-04
-4.558496e-03
3.007116e-04
-4.578245e-03
7.240786e-04
-4.606979e-03
-7.816748e-04
-4.091452e-03
-7.104793e-04
-4.202850e-03
-1.268242e-03
-4.272163e-03
5.272724e-04
-5.916466e-03
4.594742e-04
-5.966953e-03
3.843140e-04
-6.018894e-03
4.309105e-04
-5.977127e-03
4.353360e-04
-5.961179e-03
4.136115e-04
-5.998903e-03
4.279396e-04
-5.984711e-03
2.827682e-04
-6.087488e-03
3.000064e-04
-6.071119e-03
7.195777e-05
-6.171093e-03
1.407768e-04
-6.159686e-03
2.073617e-04
-6.137160e-03
-2.566445e-04
-5.477321e-03
-1.857408e-04
-5.490469e-03
3.539189e-04
-5.403459e-03
9.774854e-04
-3.915053e-03
-2.091342e-04
-6.328635e-03
3.199529e-05
-4.388887e-03
9.970667e-05
-4.592380e-03
2.060307e-04
-4.811620e-03
-9.633257e-05
-4.259228e-03
-2.571126e-04
-4.194105e-03
-3.206062e-04
-4.003379e-03
-4.256148e-04
-3.918894e-03
-5.226595e-04
-3.790666e-03
-5.517048e-04
-3.929562e-03
-5.319186e-04
-3.370823e-03
-4.623257e-04
-3.680538e-03
-6.407477e-04
-3.219311e-03
-6.726690e-04
-2.988695e-03
-7.130235e-04
-2.851653e-03
-8.147656e-04
-3.147744e-03
-7.694376e-04
-3.052744e-03
-6.625322e-04
-2.431249e-03
-7.194730e-04
-2.569865e-03
-7.242741e-04
-2.707889e-03
-6.016486e-04
-2.283977e-03
2.944790e-04
-4.396391e-03
4.166841e-04
-4.223807e-03
3.283266e-04
-4.264584e-03
-1.040934e-04
-4.985027e-03
-7.546638e-05
-5.078039e-03
2.051771e-04
-5.193376e-03
1.549595e-04
-5.189846e-03
-9.994259e-04
-4.263645e-03
-1.109985e-03
-4.246258e-03
-1.068920e-03
-4.229578e-03
1.066795e-03
-3.717235e-03
1.080913e-03
-3.573580e-03
9.708124e-04
-3.656255e-03
1.022281e-03
-3.535855e-03
9.141099e-04
-3.610864e-03
1.583412e-04
-5.327746e-03
2.315535e-04
-5.471118e-03
1.875219e-04
-5.733150e-03
2.692015e-04
-5.632289e-03
2.621972e-04
-5.724865e-03
-3.748838e-04
-5.987041e-03
-4.072999e-04
-6.053924e-03
-5.121481e-04
-6.084180e-03
-4.663496e-04
-6.178594e-03
-3.263086e-04
-4.381596e-03
-4.485147e-04
-6.024955e-03
-4.133243e-04
-6.076642e-03
-3.772769e-04
-6.119856e-03
-6.318889e-04
-4.273597e-03
-6.119296e-04
-4.122991e-03
-5.951254e-04
-4.570804e-03
-5.895949e-04
-4.439891e-03
-5.577214e-04
-4.753791e-03
-7.733014e-04
-3.777171e-03
-8.395993e-04
-3.722376e-03
7.140704e-04
-5.414314e-03
6.269578e-04
-5.392260e-03
6.617144e-04
-5.401871e-03
6.767807e-04
-5.503933e-03
5.713122e-04
-5.704742e-03
5.697238e-04
-5.760348e-03
6.238371e-04
-5.751549e-03
7.028421e-04
-5.688755e-03
4.782658e-04
-5.855625e-03
4.011394e-04
-5.933043e-03
3.839665e-04
-5.971568e-03
3.939867e-04
-5.910509e-03
3.284057e-04
-6.035079e-03
3.676996e-04
-6.003261e-03
4.314126e-04
-5.950474e-03
4.370350e-04
-5.963533e-03
2.165003e-04
-6.139993e-03
3.608044e-04
-6.033765e-03
2.960476e-04
-6.084629e-03
7.372642e-04
-5.717663e-03
6.597861e-04
-5.782769e-03
5.849936e-04
-5.854911e-03
4.990381e-04
-5.921050e-03
9.554581e-05
-6.213462e-03
1.618230e-04
-6.177961e-03
2.018850e-04
-6.164539e-03
1.429874e-04
-6.200005e-03
1.920202e-04
-6.168868e-03
1.606998e-04
-6.202286e-03
2.116788e-04
-6.153466e-03
2.671367e-04
-6.089938e-03
2.848485e-04
-6.044951e-03
2.514359e-04
-6.095532e-03
1.939164e-04
-6.128234e-03
2.584213e-04
-6.045528e-03
3.278656e-04
-5.950307e-03
3.889643e-04
-5.875592e-03
4.351811e-04
-5.786012e-03
-9.860210e-05
-6.219303e-03
-1.264288e-04
-6.279002e-03
-4.224751e-05
-6.216959e-03
-5.528148e-05
-6.270836e-03
-9.983457e-06
-6.134921e-03
-8.825547e-04
-3.828930e-03
-9.482494e-04
-3.831934e-03
-8.414364e-04
-3.986991e-03
-8.043344e-04
-4.217087e-03
-1.067401e-03
-3.686040e-03
-1.022249e-03
-3.671686e-03
-9.743443e-04
-3.631004e-03
-9.162516e-04
-3.340014e-03
-8.913413e-04
-3.422898e-03
-9.627340e-04
-3.469091e-03
-8.293051e-04
-3.350382e-03
-7.729070e-04
-3.428386e-03
-7.436010e-04
-3.629286e-03
-5.475812e-04
-4.158332e-03
-6.999558e-04
-3.845907e-03
-6.160554e-04
-3.944909e-03
-1.275180e-03
-4.399805e-03
-1.229946e-03
-4.552349e-03
-1.138635e-03
-4.370354e-03
-1.197785e-03
-4.263689e-03
-1.087476e-03
-4.519140e-03
-1.231546e-03
-4.070444e-03
-1.216361e-03
-3.831104e-03
-1.263416e-03
-3.889966e-03
-1.145227e-03
-3.755861e-03
-1.089402e-03
-3.828675e-03
-1.025241e-03
-3.976181e-03
-9.849784e-04
-4.132539e-03
-9.131849e-04
-4.175012e-03
-1.379823e-03
-4.291459e-03
-1.320889e-03
-4.084665e-03
-1.402773e-03
-4.137162e-03
-8.838470e-04
-4.325261e-03
-8.000341e-04
-4.429259e-03
-7.574401e-04
-4.599411e-03
-9.208947e-04
-4.470152e-03
-9.741624e-04
-4.533906e-03
-9.740383e-04
-4.655932e-03
-9.232922e-04
-4.771042e-03
-1.025075e-03
-4.627515e-03
-1.102253e-03
-4.812037e-03
-1.128524e-03
-4.622234e-03
-1.052024e-03
-4.687436e-03
-1.168358e-03
-4.849213e-03
-1.043476e-03
-5.076185e-03
-9.857166e-04
-5.080643e-03
-1.118016e-03
-4.958055e-03
-1.530759e-03
-4.279605e-03
-1.610765e-03
-4.312041e-03
-1.747606e-03
-4.266693e-03
-1.443041e-03
-4.318925e-03
-1.398311e-03
-4.488284e-03
-1.354248e-03
-4.635806e-03
-1.244888e-03
-4.714167e-03
7.025361e-05
-5.716735e-03
-9.171384e-05
-5.494390e-03
1.833808e-05
-5.560346e-03
-2.164843e-04
-5.170475e-03
-1.119362e-04
-5.326996e-03
-2.290988e-05
-5.082045e-03
4.800735e-05
-5.264223e-03
-4.744518e-05
-5.313182e-03
-3.739930e-04
-4.976567e-03
-2.841647e-04
-5.088989e-03
-3.802905e-04
-5.215457e-03
-2.699522e-04
-5.257430e-03
-4.548563e-04
-4.829358e-03
-4.976684e-04
-4.874638e-03
-4.031177e-04
-4.245918e-03
-2.796308e-04
-4.416207e-03
-1.490396e-04
-4.806371e-03
-4.043128e-05
-4.925153e-03
-1.753537e-04
-4.626969e-03
-4.752808e-04
-4.302666e-03
-4.517750e-04
-4.524635e-03
-4.589398e-04
-4.699809e-03
5.755314e-04
-5.424303e-03
7.474801e-04
-5.303647e-03
3.724425e-04
-5.444037e-03
2.793654e-04
-4.994611e-03
1.140746e-04
-4.989643e-03
3.705595e-04
-5.236248e-03
8.147195e-07
-3.395429e-03
-2.325744e-04
-3.158914e-03
-1.133563e-04
-3.375499e-03
-2.224415e-04
-3.644370e-03
-1.566816e-04
-3.819683e-03
-1.265445e-04
-4.047462e-03
-1.010930e-04
-2.865998e-03
-1.642237e-04
-2.721195e-03
-3.928341e-04
-2.839425e-03
-6.796482e-04
-2.747197e-03
-1.031831e-03
-3.021834e-03
1.167905e-04
-2.862366e-03
1.349540e-05
-2.914340e-03
-3.777590e-04
-6.116198e-03
-3.106276e-04
-6.170493e-03
-2.468992e-04
-6.217007e-03
-1.731349e-04
-6.216147e-03
-2.079682e-04
-6.231921e-03
-1.701486e-04
-6.238491e-03
-2.376129e-04
-6.241530e-03
1.127394e-03
-4.348296e-03
1.144373e-03
-4.228762e-03
-2.180942e-04
-6.287349e-03
-1.895473e-04
-6.316706e-03
-7.253543e-05
-6.434982e-03
-6.618392e-05
-6.396004e-03
-2.478750e-04
-6.248919e-03
-3.587711e-04
-6.136559e-03
-3.022691e-04
-6.202309e-03
-5.961524e-04
-5.322810e-03
-5.426821e-04
-5.423754e-03
-5.930964e-04
-5.216547e-03
-6.637545e-04
-5.129047e-03
-7.215246e-04
-5.089793e-03
-7.492498e-04
-5.232560e-03
-7.497601e-04
-5.139689e-03
-7.793588e-04
-4.952532e-03
-8.647807e-04
-4.890438e-03
-8.695235e-04
-5.042783e-03
-8.436368e-04
-4.799146e-03
-5.428070e-04
-5.199803e-03
-7.019412e-04
-4.789080e-03
-7.428558e-04
-4.854040e-03
-6.100023e-04
-4.862170e-03
-5.492910e-04
-4.932841e-03
-5.267675e-04
-5.095193e-03
-4.931804e-04
-5.329507e-03
-2.013366e-04
-6.319781e-03
-2.019222e-04
-6.308380e-03
-1.889102e-04
-6.296958e-03
-1.173475e-04
-6.325260e-03
-1.554204e-04
-6.304442e-03
-1.928570e-05
-6.179289e-03
2.236696e-05
-6.129393e-03
8.862122e-05
-6.143556e-03
5.072130e-05
-5.850333e-03
-1.048730e-04
-5.884474e-03
-3.767427e-05
-5.797487e-03
4.212915e-05
-6.017473e-03
1.035213e-04
-5.957515e-03
-8.666649e-05
-6.536449e-03
-1.000844e-04
-6.522261e-03
-1.157187e-04
-6.487941e-03
-1.063455e-04
-6.503406e-03
-9.919324e-05
-6.505839e-03
-4.069639e-05
-6.458772e-03
-5.694162e-05
-6.491186e-03
-3.615298e-05
-6.436765e-03
-3.515749e-05
-6.392377e-03
-4.916850e-05
-6.382232e-03
-2.071294e-05
-6.404814e-03
-4.851052e-06
-6.401549e-03
5.083259e-05
-6.327977e-03
2.193106e-05
-6.366532e-03
2.061651e-05
-6.366525e-03
6.792271e-05
-6.306723e-03
1.519067e-04
-6.178425e-03
1.036197e-04
-6.263896e-03
1.073829e-04
-6.250386e-03
9.544446e-05
-6.261709e-03
4.971725e-05
-6.321150e-03
8.620017e-05
-6.280470e-03
6.535585e-05
-6.278014e-03
7.273081e-05
-6.261652e-03
6.449688e-05
-6.246314e-03
-7.119746e-06
-6.191265e-03
2.382957e-05
-6.244231e-03
-2.126798e-05
-6.226152e-03
-1.405804e-04
-6.195267e-03
-7.737150e-05
-6.189920e-03
-2.172023e-04
-6.189403e-03
-6.491193e-05
-6.329564e-03
-4.750851e-05
-6.354475e-03
-1.690093e-05
-6.306635e-03
2.434956e-05
-6.278837e-03
-1.081879e-04
-6.391969e-03
-7.274987e-05
-6.375021e-03
-2.627779e-04
-6.152244e-03
-4.261193e-04
-6.066673e-03
-3.465044e-04
-6.118223e-03
-4.728106e-04
-6.033829e-03
-4.400717e-04
-6.060607e-03
-4.930836e-04
-6.007442e-03
-5.353294e-04
-5.938172e-03
-4.953889e-04
-5.995578e-03
-5.010598e-04
-5.951074e-03
-2.723356e-04
-6.126869e-03
-1.828793e-04
-6.137429e-03
-1.260075e-04
-6.116747e-03
-1.083142e-04
-6.085904e-03
-1.094558e-04
-6.055047e-03
1.609971e-04
-5.564626e-03
2.477261e-04
-5.451330e-03
2.819645e-04
-5.491489e-03
1.193985e-03
-4.062374e-03
1.112854e-03
-4.151111e-03
4.681310e-04
-4.031370e-03
4.545261e-04
-3.831756e-03
5.424021e-04
-4.207506e-03
4.781502e-04
-4.207838e-03
-5.551131e-04
-5.712585e-03
-5.936108e-04
-5.720128e-03
-6.572187e-04
-5.582464e-03
-4.892333e-04
-5.889027e-03
-5.090708e-04
-5.816102e-03
-4.786350e-04
-5.818960e-03
-3.318256e-04
-6.131286e-03
-3.735229e-04
-6.057968e-03
-4.281338e-04
-5.985940e-03
-4.153078e-04
-6.036227e-03
-2.842642e-04
-6.226751e-03
-3.349744e-04
-6.161652e-03
-3.657706e-04
-6.111337e-03
-6.697639e-04
-5.669074e-03
-7.355288e-04
-5.606812e-03
-8.193265e-04
-5.518915e-03
-8.894054e-04
-5.293211e-03
-8.592097e-04
-5.392421e-03
-9.035651e-04
-5.174789e-03
-8.401127e-04
-5.180346e-03
-7.893634e-04
-5.276968e-03
-7.510422e-04
-5.400493e-03
-5.929471e-04
-5.778233e-03
-6.874144e-04
-5.478395e-03
-5.308289e-04
-5.889084e-03
-4.652834e-04
-5.980878e-03
-6.701563e-04
-5.431998e-03
-5.926233e-04
-5.538533e-03
-3.436042e-05
-6.584489e-03
-4.572477e-05
-6.518179e-03
-6.375923e-06
-6.586862e-03
-3.339343e-05
-6.646765e-03
-3.679311e-06
-6.633599e-03
6.295069e-05
-6.449892e-03
2.124219e-05
-6.496726e-03
2.518084e-05
-6.558123e-03
-6.623416e-05
-6.693567e-03
-9.159400e-05
-6.689292e-03
-6.895088e-05
-6.664115e-03
-1.191432e-04
-6.671870e-03
-5.701881e-05
-6.640412e-03
-6.923523e-05
-6.611425e-03
-7.929163e-05
-6.601711e-03
-8.298827e-05
-6.582703e-03
-8.702357e-05
-6.550690e-03
-7.914123e-05
-6.489651e-03
-7.614692e-05
-6.529766e-03
-6.997934e-05
-6.577668e-03
-1.145668e-04
-6.440480e-03
-1.048253e-04
-6.424684e-03
-1.360639e-04
-6.414174e-03
-7.255570e-05
-6.505005e-03
-8.817786e-05
-6.492593e-03
-8.691323e-05
-6.462994e-03
-7.845655e-05
-6.535418e-03
-7.177093e-05
-6.535371e-03
1.422781e-04
-6.251304e-03
3.942195e-04
-6.410006e-03
2.092722e-04
-6.322652e-03
2.956033e-04
-6.250988e-03
3.472772e-04
-6.333417e-03
8.163350e-05
-6.303993e-03
4.094568e-05
-6.367585e-03
-6.662241e-05
-6.313224e-03
-2.294441e-06
-6.361499e-03
-1.904366e-04
-6.344674e-03
-2.235389e-04
-6.307815e-03
-2.675934e-04
-6.247334e-03
-2.951852e-04
-6.178185e-03
-2.553589e-04
-6.255860e-03
-2.640211e-04
-6.158205e-03
-2.619142e-04
-6.207335e-03
-1.617664e-04
-6.389306e-03
-1.713116e-04
-6.386396e-03
-1.413671e-04
-6.438022e-03
-1.367811e-04
-6.445186e-03
-1.357883e-04
-6.431343e-03
-1.680625e-04
-6.317527e-03
-1.448070e-04
-6.385246e-03
-1.690859e-04
-6.259604e-03
-2.034146e-04
-6.171152e-03
-2.283984e-04
-6.185644e-03
-9.779129e-05
-6.143044e-03
-1.062227e-04
-6.069119e-03
-2.793313e-04
-6.100771e-03
-1.066141e-04
-6.220213e-03
-1.354525e-04
-6.252019e-03
-1.854833e-04
-6.034026e-03
-1.585160e-04
-5.989826e-03
-4.300974e-04
-5.420237e-03
-3.953422e-04
-5.367068e-03
-3.235634e-04
-5.455457e-03
-3.025987e-04
-5.598024e-03
-2.471270e-04
-5.733973e-03
-4.515842e-04
-5.485825e-03
-1.803842e-04
-5.846679e-03
-3.732791e-04
-5.699123e-03
-3.106447e-04
-5.810849e-03
-2.620858e-04
-5.924562e-03
-4.392977e-04
-5.590714e-03
-3.170545e-04
-5.937322e-03
-3.294482e-04
-6.000968e-03
-4.679869e-04
-5.611592e-03
-5.180617e-04
-5.531138e-03
-5.463933e-04
-5.556916e-03
-3.948832e-04
-5.880552e-03
-4.620826e-04
-5.772915e-03
-5.317155e-04
-5.650215e-03
1.320373e-04
-6.183243e-03
1.453852e-04
-6.127741e-03
3.734661e-04
-5.768073e-03
2.305217e-04
-5.920161e-03
3.042043e-04
-5.855412e-03
1.731392e-04
-6.036171e-03
4.443330e-04
-5.660955e-03
4.346277e-04
-5.586114e-03
4.914465e-04
-5.674193e-03
7.341547e-04
-5.527464e-03
6.465850e-04
-5.588578e-03
5.619424e-04
-5.622642e-03
5.838475e-04
-5.645118e-03
1.176893e-03
-5.044450e-03
1.090674e-03
-5.172335e-03
1.017242e-03
-5.268436e-03
9.307269e-04
-5.386232e-03
8.319982e-04
-5.455352e-03
9.016530e-04
-5.569669e-03
8.802281e-04
-5.639552e-03
1.030704e-03
-5.586576e-03
1.033555e-03
-5.540360e-03
7.943946e-04
-5.638966e-03
7.585887e-04
-5.559591e-03
7.583339e-04
-5.612391e-03
1.460701e-03
-3.961904e-03
1.212692e-03
-3.108169e-03
1.171574e-03
-3.256102e-03
1.087554e-03
-3.234194e-03
1.158716e-03
-3.471431e-03
1.322367e-03
-3.610664e-03
1.255035e-03
-3.721233e-03
1.268134e-03
-3.463317e-03
8.255074e-04
-3.397457e-03
8.679886e-04
-3.198631e-03
1.025198e-03
-3.081896e-03
9.286860e-04
-3.188000e-03
1.074797e-03
-3.127788e-03
1.098652e-03
-2.950405e-03
1.181463e-03
-2.969307e-03
1.340083e-03
-2.637041e-03
1.455619e-03
-2.634049e-03
1.286915e-03
-2.781310e-03
1.242272e-03
-2.870794e-03
-9.415588e-05
-5.470618e-03
-1.797989e-04
-5.569875e-03
-2.457184e-04
-5.496429e-03
-1.950407e-04
-5.694445e-03
4.131886e-05
-4.408587e-03
-1.919534e-04
-6.390830e-03
-2.474505e-04
-6.386560e-03
-3.087013e-04
-6.390144e-03
-3.553538e-04
-6.352487e-03
-4.003238e-04
-6.306721e-03
-4.953080e-04
-6.286991e-03
-6.461753e-04
-6.194072e-03
-5.502790e-04
-6.238224e-03
-1.407904e-04
-6.350933e-03
-1.674357e-04
-6.307917e-03
-1.998923e-04
-6.261740e-03
7.709392e-05
-6.152760e-03
6.283485e-05
-6.107877e-03
3.790800e-05
-6.063968e-03
1.013512e-04
-6.167010e-03
8.580375e-05
-6.234225e-03
-1.317955e-04
-6.543303e-03
-1.468095e-04
-6.603873e-03
-1.065891e-04
-6.540733e-03
-1.499398e-04
-6.647505e-03
-1.938215e-04
-6.681203e-03
-1.851315e-04
-6.651323e-03
-2.295314e-04
-6.688419e-03
-1.866910e-04
-6.755035e-03
-2.203970e-04
-6.725948e-03
1.023349e-05
-6.367925e-03
-4.125710e-05
-6.459332e-03
-2.662683e-05
-6.411258e-03
-5.996561e-05
-6.499689e-03
-6.553746e-05
-6.480138e-03
4.101322e-05
-6.302029e-03
-9.310023e-05
-6.495381e-03
1.945213e-05
-6.296302e-03
-2.265351e-05
-6.344503e-03
-5.704197e-05
-6.328312e-03
-1.066266e-04
-6.378265e-03
-9.829194e-05
-6.451698e-03
9.612258e-04
-4.833797e-03
1.101728e-03
-4.493092e-03
1.026346e-03
-4.622634e-03
8.755901e-04
-4.723484e-03
9.574239e-04
-4.606943e-03
1.226115e-03
-4.441245e-03
1.246298e-03
-4.326783e-03
1.159271e-03
-4.541835e-03
1.286182e-03
-4.751150e-03
1.244303e-03
-4.644786e-03
1.166762e-03
-4.647011e-03
1.169241e-03
-4.940554e-03
9.843927e-04
-4.999531e-03
1.061341e-03
-4.985283e-03
9.179157e-04
-4.981907e-03
8.398622e-04
-4.998223e-03
1.544172e-03
-4.016498e-03
1.476412e-03
-4.190561e-03
1.679979e-03
-3.936314e-03
1.736304e-03
-3.760429e-03
1.857145e-03
-3.729046e-03
-9.529837e-04
-5.082106e-03
1.380593e-03
-4.193147e-03
1.183617e-03
-3.813514e-03
1.103103e-03
-3.859040e-03
1.018063e-03
-3.971886e-03
1.013397e-03
-4.120438e-03
1.386117e-03
-4.065776e-03
1.241733e-03
-3.950531e-03
1.285066e-03
-4.034819e-03
-6.204227e-04
-4.900889e-03
-5.258572e-04
-4.726039e-03
-4.088931e-04
-4.585209e-03
-7.630148e-04
-4.828914e-03
-8.384612e-04
-4.980091e-03
-7.360707e-04
-5.075975e-03
-7.319599e-04
-5.278502e-03
-7.051806e-04
-5.416847e-03
-2.938291e-04
-4.798771e-03
-2.744975e-04
-4.578493e-03
-5.056348e-06
-4.060980e-03
1.049981e-04
-3.921381e-03
-3.772482e-05
-4.314757e-03
-1.883559e-04
-4.405045e-03
2.035678e-04
-3.681162e-03
2.962019e-04
-3.027446e-03
3.256249e-04
-3.187598e-03
4.334495e-04
-3.152701e-03
1.715307e-04
-3.073167e-03
1.141325e-04
-3.343906e-03
1.669093e-04
-3.437499e-03
3.093001e-04
-3.716656e-03
4.105664e-04
-3.430547e-03
4.205723e-04
-3.619160e-03
1.850236e-04
-4.141355e-03
2.779360e-04
-3.959215e-03
1.474222e-04
-4.336968e-03
2.126920e-04
-4.405728e-03
6.151619e-04
-3.729113e-03
5.613131e-04
-3.672563e-03
5.436242e-04
-3.458104e-03
4.878935e-04
-3.292693e-03
2.203095e-04
-4.714601e-03
1.649251e-04
-4.599413e-03
-1.041882e-04
-4.761011e-03
-2.040419e-04
-4.834470e-03
-2.999924e-05
-4.799439e-03
1.062963e-04
-4.725205e-03
-2.913900e-04
-4.995034e-03
-3.433065e-04
-5.106094e-03
-1.513985e-04
-5.264138e-03
-7.671847e-05
-5.213045e-03
-2.747453e-04
-5.224196e-03
-3.272860e-04
-5.409577e-03
-4.656692e-04
-5.482004e-03
-5.903792e-04
-5.547428e-03
-3.397179e-04
-5.823453e-03
-3.691995e-04
-5.675621e-03
-4.869212e-04
-5.659134e-03
-1.510817e-04
-5.777018e-03
-1.303723e-04
-5.892945e-03
-2.315194e-04
-5.854126e-03
6.179432e-06
-6.006461e-03
-1.250654e-04
-6.066607e-03
-6.659775e-05
-6.068801e-03
-1.608307e-04
-6.161306e-03
-2.027497e-04
-6.154748e-03
-2.797070e-04
-5.993271e-03
-2.431188e-04
-6.070814e-03
-4.748968e-05
-5.833772e-03
3.096949e-05
-5.924720e-03
-3.897493e-06
-5.869975e-03
-1.136099e-05
-5.565156e-03
-5.192562e-05
-5.723772e-03
3.921248e-04
-5.553940e-03
1.126228e-04
-5.846969e-03
1.755534e-04
-5.747646e-03
2.574597e-04
-5.658174e-03
3.164511e-04
-5.604351e-03
1.590791e-04
-5.416105e-03
2.234288e-04
-5.259895e-03
7.029872e-05
-5.463810e-03
-1.333508e-05
-5.347451e-03
6.267471e-05
-5.354254e-03
-1.615668e-05
-5.236738e-03
1.969310e-04
-4.870436e-03
7.182536e-05
-5.103253e-03
1.084679e-04
-4.908545e-03
2.637092e-04
-4.901437e-03
3.286241e-04
-4.826515e-03
4.303612e-04
-4.878188e-03
3.386403e-04
-5.057221e-03
3.096513e-04
-5.214728e-03
4.334444e-04
-4.737208e-03
3.747393e-04
-5.234325e-03
4.579184e-04
-5.128169e-03
5.086401e-04
-4.616582e-03
5.470549e-04
-4.921055e-03
5.193623e-04
-5.041788e-03
4.509704e-04
-5.390472e-03
5.057281e-04
-5.268391e-03
4.702060e-04
-5.209828e-03
7.211987e-04
-5.213386e-03
6.275641e-04
-5.274785e-03
5.245956e-04
-5.398080e-03
7.678900e-04
-5.094745e-03
6.986782e-04
-4.998004e-03
7.293394e-04
-5.058059e-03
6.345199e-04
-4.845868e-03
7.211258e-04
-4.821582e-03
6.499543e-04
-4.685195e-03
6.287512e-04
-4.619221e-03
6.188252e-04
-4.497296e-03
9.017230e-04
-4.177787e-03
9.186191e-04
-4.035789e-03
9.505742e-04
-4.216178e-03
8.122149e-04
-4.513286e-03
9.327697e-04
-4.367381e-03
8.307477e-04
-4.666446e-03
7.639825e-04
-4.216852e-03
6.697438e-04
-4.296583e-03
8.634462e-04
-4.000981e-03
6.235786e-04
-3.874392e-03
6.087852e-04
-4.074760e-03
5.917337e-04
-4.266912e-03
7.902701e-04
-3.593179e-03
7.063624e-04
-3.650560e-03
8.299886e-04
-3.735955e-03
8.597154e-04
-3.840532e-03
