5000 1
-2.022532e+128
2.366264e+128
0.000000e+00
0.000000e+00
-6.966624e+107
-5.616353e+108
1.638985e+119
1.955052e+119
0.000000e+00
0.000000e+00
1.656898e+112
1.451606e+112
-4.340788e+122
1.915288e+123
-4.085624e+126
-6.877964e+126
-3.497148e+122
7.949725e+122
-2.125285e+127
-5.405525e+127
-3.763945e+130
-5.260062e+130
6.742717e+124
-4.703813e+124
4.677977e+131
2.113665e+131
8.795969e+127
-2.997021e+127
1.336347e+127
-1.199993e+127
1.554984e+139
9.892597e+138
-3.601486e+141
8.704900e+140
1.225193e+131
-6.268137e+131
7.341323e+137
-1.353002e+138
6.736184e+128
-2.132622e+129
-5.324343e+113
4.912803e+113
-2.120406e+112
1.708846e+112
-3.524824e+111
6.422804e+111
-1.166292e+125
-3.992726e+125
6.420254e+132
-1.110775e+132
-1.672564e+129
3.483984e+129
1.546827e+118
-1.100145e+119
-4.362957e+133
-7.653868e+133
-4.536568e+125
1.442912e+125
-6.138740e+120
-4.459044e+120
-4.926428e+133
4.162085e+132
-2.935204e+118
5.152764e+117
-4.126817e+136
2.123774e+136
4.256299e+134
3.505661e+134
4.446970e+109
6.602993e+109
1.040603e+122
8.827708e+122
9.633797e+113
7.514321e+115
2.572846e+127
-2.527237e+127
-2.725816e+114
1.758853e+115
-3.816162e+140
3.417115e+139
-7.330042e+136
5.822001e+136
-1.314908e+134
5.140045e+134
1.644967e+132
1.831187e+132
9.784343e+134
2.385347e+134
-1.230161e+130
1.334087e+129
-7.543966e+133
5.806952e+132
1.254408e+119
-9.648189e+119
-6.975258e+123
2.570649e+124
6.443827e+141
1.093921e+141
-3.238551e+118
1.362569e+118
4.558134e+114
-2.298886e+115
1.063628e+143
8.588031e+142
1.422161e+128
-3.213210e+126
-4.499411e+111
5.216361e+111
1.091771e+130
5.105016e+130
-8.377313e+139
-6.152897e+138
-7.550676e+109
1.205820e+111
2.531610e+115
-4.295653e+116
-2.180240e+116
2.463950e+116
2.384030e+135
1.629852e+135
-4.167464e+128
1.066939e+128
6.366318e+127
1.112459e+128
2.058176e+110
-2.461573e+110
2.189785e+112
-1.070535e+112
-7.254974e+126
-1.777707e+127
-8.972737e+127
-8.502406e+127
-3.240529e+115
3.786715e+115
-9.192835e+111
6.465756e+111
-4.205159e+137
2.227805e+137
-5.593243e+133
5.787467e+132
-6.967074e+134
-2.138076e+135
-1.743300e+130
-9.872697e+126
-8.749690e+110
-9.680455e+111
-1.574333e+128
7.082577e+127
-1.043281e+135
-3.861065e+135
8.771155e+109
-8.216400e+109
-2.521379e+114
-2.905746e+114
-2.885701e+135
-1.571099e+135
-3.166177e+137
2.384662e+137
2.165833e+122
-7.647945e+120
-9.356390e+135
-8.875852e+135
-5.328896e+138
-1.167912e+138
4.309257e+131
4.585932e+131
-3.230724e+111
9.982020e+110
-2.000268e+127
3.539357e+127
1.414407e+142
2.560451e+141
7.512035e+109
3.560514e+109
-5.719209e+117
-3.959473e+118
-2.783054e+119
-7.895862e+119
-7.499741e+121
8.864525e+121
6.580178e+127
1.414821e+128
-8.062629e+113
8.494734e+113
1.259133e+127
-1.713046e+127
-5.287678e+128
6.745874e+128
-4.934441e+134
-1.821012e+134
7.554746e+111
-1.299029e+112
-4.367970e+121
3.591494e+121
-4.741383e+122
-1.674910e+125
-7.820067e+138
-1.308283e+138
2.933604e+127
6.373833e+127
3.147026e+120
-9.182407e+120
-5.397449e+130
1.788981e+131
-1.452549e+132
1.119141e+132
-2.030988e+112
-3.387206e+112
1.223129e+130
-4.020992e+130
-1.487862e+138
2.362843e+138
0.000000e+00
0.000000e+00
0.000000e+00
0.000000e+00
-4.341326e+127
-1.079466e+127
4.011470e+135
-2.280351e+136
1.653563e+112
-1.385318e+111
4.889903e+133
5.631510e+134
-6.966926e+140
-5.170754e+140
-1.278182e+142
-9.366737e+141
-1.055551e+111
-1.645552e+110
-1.341102e+136
6.644913e+136
-1.308094e+122
2.450626e+122
9.466816e+138
4.863800e+138
6.361871e+111
-3.348403e+111
4.429596e+142
3.453658e+142
4.859729e+116
-8.549346e+115
6.424165e+135
-2.618595e+135
-3.294269e+110
3.834229e+110
-9.368778e+109
-4.302797e+109
5.808017e+133
2.973444e+133
-3.829021e+119
2.396170e+118
1.826386e+132
-7.240059e+131
1.319156e+132
-9.646590e+130
1.932603e+135
1.976274e+135
-7.356450e+136
2.668913e+137
1.463912e+114
-4.116152e+113
3.499265e+110
-9.734935e+109
1.148761e+121
5.508749e+122
-1.176686e+128
-1.635145e+128
-1.098024e+131
2.651674e+131
-1.691145e+135
2.722698e+134
-2.745972e+113
4.488562e+112
-2.063546e+115
1.227236e+115
-7.411569e+137
7.405200e+137
-1.005718e+137
1.848624e+138
2.155677e+125
-2.206875e+125
-3.263293e+110
1.772201e+110
1.611510e+114
5.205768e+113
9.293603e+129
-7.015702e+129
3.814573e+130
-5.801240e+129
-1.246468e+125
2.049290e+125
1.492247e+141
5.111427e+140
-3.191574e+131
-2.028593e+131
-1.221223e+135
-5.321195e+134
-1.266627e+123
5.363778e+123
-9.945178e+133
1.086317e+134
-1.905464e+138
-1.027544e+139
-1.249098e+117
1.844585e+117
1.081103e+132
-1.506891e+132
3.765979e+114
-1.996374e+114
-1.253303e+123
-1.195618e+123
1.578356e+119
-1.824793e+119
3.133268e+142
3.003497e+142
2.057813e+121
-8.163623e+120
3.219174e+121
1.352455e+121
2.393755e+136
-1.912545e+136
6.974343e+115
1.474433e+115
7.400043e+122
8.467426e+122
-1.722538e+134
9.855391e+134
-9.928811e+120
-6.308250e+121
2.636361e+132
3.324092e+132
-5.322892e+121
3.374567e+121
-3.328223e+125
3.424569e+125
-8.553403e+126
1.523610e+128
-2.855285e+116
3.158754e+116
-7.142973e+126
4.789190e+126
2.612242e+136
-1.789585e+137
-9.299935e+130
-1.253612e+130
-1.278134e+110
6.537269e+108
1.033238e+135
1.692401e+135
2.728191e+133
5.155721e+133
-8.602623e+112
7.438267e+112
2.873906e+117
3.130511e+117
-2.804284e+132
3.531005e+132
1.695067e+129
-1.397190e+130
-3.649298e+123
4.439301e+123
-1.034144e+141
-2.836203e+141
-3.037958e+133
-2.760720e+134
-7.919435e+117
-3.186968e+118
1.256980e+111
-3.209066e+110
-7.459956e+134
-5.734840e+134
2.176326e+127
-2.827800e+127
1.128512e+129
6.596126e+128
7.924607e+112
4.804935e+112
-1.559416e+113
1.017716e+113
-1.242675e+136
-2.719220e+136
-6.774748e+130
3.099822e+130
2.617066e+120
-5.637917e+119
5.078091e+137
-2.701492e+137
6.247895e+120
4.081703e+120
1.346034e+116
-6.499155e+116
-6.496679e+112
1.155256e+112
1.805280e+133
1.123527e+131
3.621398e+116
-4.494215e+115
-4.270822e+135
2.280223e+135
9.355476e+109
1.360587e+109
4.115126e+139
1.554323e+140
-6.684456e+120
1.199434e+121
1.042511e+133
-5.724688e+132
-1.215718e+114
2.263169e+114
-7.321227e+124
5.120860e+124
4.096613e+125
-1.113379e+125
-3.072065e+121
1.424642e+121
-1.640704e+116
-3.597349e+114
2.889495e+127
4.339496e+126
5.564002e+122
-6.027465e+122
3.620886e+120
3.958087e+120
2.526325e+124
4.527471e+124
2.302517e+113
-3.059610e+113
5.743309e+135
6.048858e+132
2.024736e+118
9.143860e+118
9.890213e+128
7.162239e+128
-1.240317e+131
-7.294422e+130
3.760101e+132
-6.157104e+133
7.473704e+132
2.347741e+133
-2.487896e+120
1.113477e+120
-1.774777e+125
1.161356e+125
-5.939285e+136
4.593128e+136
-5.172763e+121
-1.198410e+122
1.414261e+127
-5.424444e+126
-1.464589e+112
-3.246645e+111
-1.837773e+119
-1.799667e+119
-2.661752e+141
4.325485e+141
6.812347e+129
2.506882e+130
3.660535e+124
-8.267149e+124
1.736598e+135
2.847116e+134
-2.721724e+119
-2.719060e+119
2.142829e+124
-4.931358e+124
-8.584382e+129
5.532933e+130
7.475047e+132
1.267518e+133
6.132409e+124
1.265005e+126
4.011634e+126
-1.375974e+127
-4.212266e+119
-1.536306e+120
-3.719715e+129
7.737789e+128
1.232807e+122
-2.585820e+122
3.438474e+125
8.414569e+125
1.230127e+128
-7.134592e+127
-5.776726e+136
1.915884e+137
2.666553e+129
1.634077e+129
-6.119764e+132
1.224633e+133
-1.938054e+114
6.235241e+114
5.813625e+110
-1.734991e+111
5.253583e+133
-6.652890e+134
-1.028053e+132
-6.857014e+132
6.582653e+114
-4.414601e+116
-3.765432e+124
3.527911e+124
-3.631913e+140
-3.230176e+139
-5.879581e+131
1.037093e+132
-1.423964e+118
1.108041e+118
-6.444303e+128
-8.261765e+128
-1.980295e+114
-4.133619e+112
-1.322746e+117
2.813701e+116
6.230775e+132
1.995951e+133
-4.902956e+131
3.200419e+133
1.338464e+127
1.172987e+128
-7.986740e+121
8.228225e+121
-1.499804e+131
-2.483483e+131
-3.411671e+111
2.138908e+111
-2.097284e+113
-1.066240e+112
-1.581330e+134
-8.727337e+132
-1.915836e+124
-2.348627e+124
-6.570066e+138
-5.371982e+138
3.908491e+130
-2.170178e+130
4.793691e+110
-1.178741e+109
-1.904304e+127
3.790106e+127
-2.158555e+124
-2.648133e+124
-2.368448e+132
3.222566e+132
-1.114313e+113
5.946803e+111
-5.580657e+129
-6.857428e+129
-4.107953e+113
6.841133e+112
1.878074e+135
-5.434603e+135
-5.268436e+134
-5.631536e+134
1.046189e+125
-1.224426e+124
-2.773380e+128
6.435064e+127
-4.611763e+125
2.893376e+125
-1.470444e+119
2.551434e+119
-6.991849e+114
7.750499e+114
3.232477e+122
-1.161832e+124
-4.864714e+118
2.085733e+118
5.057808e+116
1.245573e+117
2.621905e+124
3.381317e+124
8.001662e+139
-1.267283e+140
-1.668018e+138
1.590913e+137
1.374543e+113
-3.723972e+112
-4.803239e+129
-3.686626e+129
-7.113721e+129
2.340437e+129
8.324816e+115
-3.422344e+115
1.344870e+134
-4.729102e+134
7.764169e+124
-1.149098e+125
2.838457e+129
-2.953802e+129
4.072804e+135
-6.295116e+134
2.869559e+127
1.373474e+127
-1.427737e+127
1.172943e+127
5.444184e+120
-1.517915e+121
2.003128e+133
5.728982e+132
-4.080392e+128
-2.840746e+128
4.562667e+122
2.741441e+122
-9.666149e+130
-5.322268e+131
-2.699232e+118
-4.466838e+118
-2.791237e+137
-1.067802e+137
6.840530e+131
5.149844e+130
4.070059e+128
3.399077e+128
1.912087e+137
1.451302e+137
8.322231e+128
-4.025450e+127
-2.332936e+132
2.454060e+132
1.107108e+131
-1.211181e+131
-4.940122e+139
-9.827471e+138
2.141767e+121
1.188839e+122
7.550195e+134
9.500482e+134
1.432618e+138
5.647680e+136
4.827415e+132
9.362294e+131
-9.380298e+125
1.603913e+126
1.762140e+115
2.667797e+115
-4.972864e+119
1.296233e+119
-2.184471e+128
4.304260e+128
-9.091079e+116
4.423644e+117
2.528715e+135
4.700785e+135
4.642670e+110
-7.526906e+110
-1.604201e+118
8.973475e+118
-2.311129e+135
-7.079306e+134
-2.134717e+128
-2.082428e+129
1.016841e+131
2.567145e+131
1.238886e+117
-6.915940e+116
2.093198e+139
-9.356285e+139
3.358944e+135
4.060590e+135
-1.246629e+131
2.132864e+131
5.010548e+112
-2.150749e+113
-1.171411e+133
1.504994e+133
-4.681761e+117
5.521782e+116
1.248445e+133
3.356567e+132
1.424978e+125
5.511726e+124
-2.636307e+130
-6.302490e+128
1.777592e+127
7.451863e+126
3.258874e+127
2.324297e+127
1.004852e+112
6.082765e+111
8.974741e+125
-2.585565e+126
-1.712009e+120
2.190803e+119
9.756167e+134
1.187418e+135
2.966634e+133
2.217425e+133
2.204873e+114
3.359967e+114
1.699175e+136
1.718056e+135
2.014176e+129
1.130790e+129
-2.620573e+127
2.173517e+127
8.884174e+125
-7.046411e+125
5.149282e+119
-5.976402e+119
-2.499558e+118
2.074018e+118
-6.830292e+123
-3.143405e+123
-4.668191e+122
1.615705e+123
-3.776678e+121
3.912858e+121
-2.105090e+139
4.730157e+139
1.357006e+129
3.783316e+129
2.023268e+136
5.593575e+135
1.189518e+116
3.103369e+115
1.470113e+131
-1.801509e+130
-1.803958e+132
6.706900e+131
-7.868010e+126
-1.274856e+126
5.716799e+129
2.942064e+128
5.718600e+127
-7.017451e+129
-1.731655e+128
2.238473e+127
-6.711868e+117
5.179249e+117
1.525610e+120
-1.666540e+120
-3.893873e+116
-1.795104e+116
-1.525529e+133
2.314011e+132
1.013335e+135
4.152482e+135
-1.565157e+128
4.951359e+128
-4.238419e+137
1.467902e+138
6.623533e+117
-3.207843e+117
1.418398e+128
6.126803e+128
5.208557e+130
2.735988e+130
3.222297e+131
-1.195163e+132
2.189640e+127
5.476255e+128
-4.209301e+131
-2.899858e+131
-2.139295e+133
-9.456409e+133
9.359820e+124
1.313734e+125
-7.224534e+133
1.369964e+134
-1.832822e+114
1.903688e+114
-1.753382e+132
-2.397888e+132
-2.172270e+138
2.017470e+138
-6.403555e+127
4.666625e+127
-1.005927e+135
-6.667343e+134
-3.339347e+122
6.755372e+121
1.816185e+136
-9.889517e+135
-3.156264e+119
-6.758320e+119
2.324699e+132
6.139549e+132
-4.438510e+116
3.378584e+116
-3.499433e+121
4.184570e+121
-1.943562e+128
-1.717283e+128
1.343489e+119
-5.242560e+118
-1.683642e+116
6.419632e+115
-3.561166e+121
8.382844e+121
9.419168e+116
3.787470e+116
-5.923212e+128
1.603124e+129
2.076155e+131
4.245969e+130
-4.269973e+119
4.582670e+119
-1.947469e+136
3.189645e+135
7.323604e+114
9.257259e+114
-1.360253e+129
2.555351e+130
2.572818e+130
1.489169e+131
5.874494e+123
-4.679383e+123
6.850224e+131
-2.229653e+131
3.859498e+134
3.108617e+134
1.522563e+130
9.412628e+130
-1.284235e+135
-6.691590e+135
-9.942167e+126
-1.152127e+127
-9.696067e+133
-1.507490e+134
2.210910e+113
-2.617119e+113
1.025489e+112
-3.164171e+112
1.884972e+131
-1.934288e+130
1.174814e+111
4.416280e+110
-1.210461e+121
1.276793e+120
-7.020071e+111
-1.356266e+111
1.789371e+128
-3.110639e+127
2.472801e+135
4.712610e+135
8.716058e+130
-1.582931e+131
7.062636e+125
-1.329716e+125
-3.175401e+119
8.942224e+118
-1.738575e+134
-3.360266e+133
-4.480086e+134
-6.743860e+134
-4.976761e+121
5.787121e+121
-1.683140e+114
6.602785e+113
-2.702300e+118
7.898962e+118
1.686516e+140
-9.267116e+139
2.429107e+120
-1.104233e+120
-4.526559e+128
1.110322e+130
2.540598e+116
-2.496831e+116
-1.360308e+113
2.367115e+114
-7.768332e+122
1.618758e+123
2.033820e+120
-4.021819e+120
-4.282294e+134
7.652859e+134
4.469659e+131
4.605430e+130
-8.472143e+125
-5.119939e+126
7.260123e+115
-1.679319e+116
-1.862164e+124
-7.463145e+124
1.415215e+126
4.945311e+127
1.845165e+132
-2.709707e+132
-8.652762e+128
1.255431e+129
-1.517820e+117
-3.119180e+117
-1.389095e+112
7.455576e+111
-4.542947e+113
-3.781828e+113
2.049187e+137
2.146625e+137
-3.485024e+138
3.139130e+138
-5.243770e+126
9.715040e+126
-3.514598e+124
-3.055977e+124
-4.254643e+115
-2.756265e+115
2.274927e+124
-4.202438e+123
6.922938e+127
3.537069e+125
1.096717e+117
1.996666e+117
-1.028673e+128
8.147035e+127
-3.551737e+137
6.066191e+137
1.796331e+127
-2.178250e+128
5.923967e+129
8.136044e+130
-2.632478e+129
6.430629e+129
-3.176116e+136
5.964558e+136
-1.836861e+114
-2.500424e+114
-7.045553e+115
3.589635e+115
6.107630e+142
4.009131e+142
-1.478678e+127
4.825491e+127
-2.612147e+111
-5.836805e+111
6.369538e+123
-4.451585e+123
7.359652e+117
-3.337748e+118
8.227557e+123
-4.551536e+123
5.028475e+138
-2.292919e+138
1.036548e+116
-4.465885e+115
-2.020491e+127
-1.897125e+127
1.468684e+132
1.403625e+132
5.933382e+125
4.375536e+125
7.936579e+128
1.069522e+129
1.503334e+128
-9.069682e+127
3.647696e+114
-1.608511e+114
-6.596886e+134
1.802807e+134
3.737496e+109
-5.097030e+109
-2.512608e+132
-2.640697e+132
-1.226102e+136
1.180996e+136
5.451323e+109
1.748063e+111
-4.351725e+128
-5.915178e+128
6.789112e+123
-1.166384e+124
1.208062e+115
-5.050077e+115
-3.347820e+130
-2.930218e+130
9.727952e+126
-3.607795e+126
-3.063271e+132
-1.438602e+132
2.525383e+141
-8.973993e+141
-1.066992e+130
4.527579e+129
2.144739e+130
-6.825968e+128
-3.504381e+121
-2.745138e+121
2.318337e+134
1.757058e+134
9.459093e+126
-7.869262e+126
-2.613915e+120
-7.366175e+121
3.602831e+125
-1.086386e+126
9.711951e+114
5.284071e+114
-1.199877e+123
-2.289087e+123
1.637859e+132
-1.863157e+132
8.308717e+113
-9.229833e+113
2.309103e+128
-2.625310e+128
-5.644994e+123
3.812773e+123
-2.860828e+130
-2.824286e+130
-2.970171e+130
1.052774e+130
-1.270824e+128
-3.519723e+127
4.681848e+132
-1.331098e+132
2.387952e+126
2.864535e+126
3.598212e+114
6.822013e+114
4.763055e+121
-1.049380e+121
1.142755e+120
1.409399e+120
2.060335e+142
1.580248e+142
3.950641e+117
-7.341459e+117
-8.521807e+126
3.296875e+128
-4.762803e+122
4.553960e+122
-1.327097e+118
-9.579794e+117
-8.314014e+132
3.439033e+133
-1.092561e+137
7.090703e+136
2.573994e+133
1.900027e+133
-3.758749e+123
3.566361e+123
-3.937561e+127
5.392843e+127
2.022469e+136
2.566335e+136
1.438023e+125
-1.251157e+125
4.610653e+132
-3.706703e+132
-1.022834e+126
4.335917e+126
-5.859199e+127
1.328166e+127
7.494229e+120
-2.221597e+121
-3.686027e+122
-2.780554e+122
-4.138822e+137
7.805516e+137
-1.407612e+125
-1.095838e+125
-3.473436e+130
-2.985888e+130
4.593948e+119
-1.346728e+120
-3.209660e+128
2.435059e+128
8.596039e+130
1.157859e+131
6.592084e+120
-5.117684e+120
-2.694499e+137
2.264723e+136
4.709801e+128
6.477445e+129
-1.547594e+129
-8.535665e+128
-2.010818e+129
2.341343e+128
-5.483294e+115
7.513110e+115
2.002762e+127
-6.324517e+126
4.029242e+137
5.927299e+137
-4.939170e+122
6.821474e+121
4.582398e+121
-5.174790e+121
-2.096566e+120
2.721983e+120
-1.103262e+133
-1.423420e+133
-1.273048e+131
7.894745e+130
-2.621090e+118
1.458218e+119
-4.496533e+122
-4.540007e+122
-5.339738e+123
-1.737090e+124
-9.577142e+113
-1.278031e+115
-2.576265e+122
1.298982e+122
-2.947693e+132
5.419396e+132
9.451231e+128
9.677679e+128
1.616531e+122
-2.410720e+121
1.737420e+124
-1.982228e+124
-2.013110e+113
1.166688e+113
-2.753517e+123
3.532604e+123
-1.203959e+137
7.817473e+136
3.694910e+139
-3.870901e+138
-1.729409e+140
-1.289875e+140
6.819728e+118
-3.896258e+118
3.151220e+125
-1.941341e+126
-3.853916e+134
-1.750581e+134
2.544438e+118
-1.356161e+118
1.216070e+120
-2.821518e+120
-1.683779e+129
3.755610e+130
3.046545e+112
-9.989687e+111
-1.091395e+116
2.547295e+115
1.042403e+113
1.923415e+113
3.491016e+127
-5.699583e+127
8.313827e+110
-6.229340e+110
-2.518938e+130
-1.649562e+130
-7.519733e+131
-8.767953e+131
-8.737306e+133
-4.103411e+134
-1.149034e+116
-1.790992e+116
-6.667532e+124
1.069959e+125
-1.618817e+130
-3.219765e+129
2.606929e+125
4.068808e+124
-1.462111e+123
-8.010628e+123
1.809020e+132
-1.377169e+131
1.673179e+132
1.860166e+131
8.760288e+126
-1.537643e+127
9.185743e+117
3.176107e+117
-1.010150e+135
-4.684867e+134
-2.043339e+139
-3.464147e+139
6.385833e+132
8.099499e+133
-1.643228e+126
3.131001e+126
2.806815e+124
-2.562891e+124
-6.942564e+115
3.654439e+115
-1.189278e+140
6.727412e+138
6.541595e+111
6.314972e+110
-3.453191e+131
-9.791253e+130
3.283794e+124
-4.135363e+124
2.308856e+122
-2.122082e+122
1.182741e+130
-2.923814e+130
-3.973728e+129
9.953565e+129
-4.173132e+120
3.554354e+120
5.347960e+128
-2.218483e+127
-1.290692e+134
2.828682e+133
-1.056014e+140
1.993050e+138
-1.754556e+127
-3.802828e+127
-5.860541e+110
4.163164e+110
7.142602e+121
5.930619e+120
-5.125964e+109
-6.665864e+108
7.390891e+135
5.881456e+135
-3.290356e+122
-1.517187e+122
-3.137028e+117
1.841453e+117
3.194985e+120
2.029967e+120
6.133070e+122
-4.864498e+123
-1.972355e+118
4.094197e+118
6.982705e+126
-1.674583e+127
-4.508444e+110
1.009511e+110
3.620379e+134
-6.968721e+134
-9.926264e+110
-2.177795e+110
-5.264734e+131
7.799472e+130
7.640567e+125
2.201436e+127
1.657534e+122
-3.347771e+121
-1.575981e+135
-1.278691e+135
9.631414e+112
2.675987e+112
1.181330e+128
-9.874361e+127
-4.524984e+138
-8.814023e+137
8.870460e+140
-1.854684e+141
4.667586e+112
-9.112848e+112
-1.740790e+136
-1.430994e+136
1.388705e+122
4.246782e+121
-1.653809e+132
3.566363e+131
-6.482002e+113
-1.033307e+114
-2.391047e+138
3.650841e+138
-7.924560e+119
-7.985663e+120
-1.894063e+114
1.757991e+114
-3.746477e+134
-1.307894e+134
-1.302554e+115
-1.742541e+115
-1.815896e+136
-8.539107e+135
-1.136878e+132
-1.617983e+132
-6.947603e+110
-1.234098e+111
3.915553e+115
-1.596254e+115
-5.610187e+136
2.111652e+136
-6.508659e+133
9.151594e+133
-4.184772e+120
5.724934e+120
4.162751e+130
-1.046653e+130
7.361656e+125
2.333647e+125
-2.891603e+137
-7.559799e+137
4.021136e+129
-1.076951e+130
-1.744343e+124
1.976721e+124
-2.936674e+117
1.497502e+117
1.276713e+126
-7.732492e+125
3.883490e+125
-2.603995e+125
-6.326530e+115
7.359104e+114
2.820136e+133
3.256557e+133
-2.334398e+134
1.418621e+133
4.793364e+110
3.404891e+109
-4.382121e+130
2.215676e+131
6.754564e+124
-2.543949e+125
1.437743e+128
9.493132e+127
7.545677e+115
1.548309e+114
-4.353880e+129
9.547438e+128
-4.490217e+125
-2.717579e+126
5.758472e+124
-5.106183e+124
1.963754e+112
-5.390088e+111
-5.663519e+134
-6.250785e+134
4.741024e+132
-1.028923e+133
4.404217e+138
-3.658380e+138
-8.630405e+119
3.864263e+120
4.422182e+134
-1.965330e+135
1.680561e+126
-5.660777e+125
-6.547793e+138
4.881240e+138
7.135339e+132
-4.811234e+133
-1.635104e+134
-2.673437e+134
8.620679e+140
-4.197152e+140
-5.173372e+128
-2.699948e+128
9.472664e+130
-1.200982e+131
-5.342517e+134
1.131740e+135
2.608153e+139
-2.914700e+139
1.095666e+117
5.360227e+116
4.286810e+140
7.598126e+140
2.032897e+113
1.656266e+112
-1.742085e+132
8.603139e+133
2.567604e+118
-1.785888e+118
7.979286e+128
7.563408e+128
4.582989e+130
-3.496855e+130
8.215377e+132
-7.581643e+132
4.948475e+128
-1.430320e+128
-3.026087e+118
8.040344e+117
-4.862276e+123
1.005588e+123
-2.309748e+129
-8.456198e+129
-1.868332e+119
-6.045257e+118
1.712386e+124
9.376063e+122
-5.347326e+121
2.894989e+121
-2.500703e+121
2.190739e+121
4.639834e+120
-3.197726e+121
1.295816e+111
2.134570e+111
1.599571e+131
6.178252e+131
1.767440e+126
-4.671069e+127
6.061631e+128
-2.558079e+128
-1.995260e+129
1.098128e+128
4.553974e+132
-1.347977e+132
1.204776e+123
-5.249103e+122
-4.965883e+128
-2.507582e+128
1.800859e+123
-1.283415e+123
1.019390e+114
-2.971575e+113
-2.161846e+135
2.984503e+135
-4.163207e+133
-2.564841e+133
-6.264935e+128
8.393529e+128
1.769942e+121
-4.463777e+120
-2.451266e+115
-1.004794e+115
8.700040e+117
-8.645529e+117
5.593499e+111
2.541918e+112
6.098900e+127
4.176134e+128
-6.002392e+135
2.390203e+135
1.818759e+133
-1.234862e+131
-5.188022e+114
4.581249e+113
3.076401e+137
-1.886159e+137
-3.620592e+118
1.114884e+118
-1.186836e+126
1.369580e+126
2.011214e+111
-2.795268e+110
1.524675e+124
1.387459e+124
3.424136e+116
-4.465817e+116
-2.402642e+130
-6.293902e+130
1.214364e+116
-2.157032e+116
3.208997e+126
-1.295415e+126
2.018587e+119
1.633562e+119
2.862022e+128
1.860884e+128
3.321388e+112
1.867119e+112
-1.123249e+135
2.073341e+135
3.089528e+122
1.277642e+122
5.344846e+122
-2.425331e+122
9.668365e+136
-6.813659e+136
2.955618e+117
6.703885e+117
2.385824e+134
-1.608179e+135
-2.670865e+130
3.246694e+131
5.954871e+120
-6.215479e+119
5.717224e+115
-1.097646e+116
-4.426621e+122
6.069650e+121
1.262586e+120
-4.733393e+119
7.572300e+131
1.118517e+131
-5.898632e+125
-4.571563e+125
-2.577045e+112
-5.342003e+111
-6.004219e+115
2.003846e+116
-2.220577e+130
3.260267e+130
-8.682262e+138
4.154127e+139
-5.848467e+125
4.852576e+125
-1.524286e+136
9.804620e+135
1.921926e+131
5.840480e+130
-9.762767e+117
-4.968196e+118
-1.411291e+127
3.888356e+126
-4.637884e+129
-3.305191e+129
-3.451201e+115
1.353940e+117
7.720644e+134
-3.184704e+135
1.030467e+135
-6.648089e+134
2.404188e+126
-2.485957e+126
-4.526346e+113
1.102279e+113
2.163409e+136
1.911892e+136
9.730106e+129
-5.987914e+129
9.266082e+126
-1.433070e+126
-3.663073e+131
-7.680305e+131
-3.194248e+122
1.953053e+123
-3.519058e+124
-1.143586e+124
1.963247e+113
-3.707540e+113
-2.726733e+133
1.120968e+133
6.315051e+113
-3.136563e+112
4.171254e+133
-1.341823e+135
1.688071e+138
-2.974943e+137
-2.081992e+131
7.652253e+129
9.407088e+133
5.705892e+133
-4.457864e+124
4.533993e+124
4.538280e+136
1.494233e+136
1.188868e+136
-6.174681e+136
7.307845e+129
-2.032023e+129
-7.481410e+132
-1.775460e+133
9.931489e+126
3.678986e+125
-3.282413e+131
2.904173e+132
-6.335453e+121
-2.168920e+121
-2.208949e+115
1.314363e+115
3.310157e+141
1.455776e+141
-6.187010e+126
3.306406e+126
6.156915e+117
2.084402e+118
-3.513284e+130
-3.811300e+129
-1.351176e+119
9.632178e+118
1.815794e+137
-3.642091e+137
2.757245e+137
-3.259551e+137
9.897698e+135
-6.524295e+136
-2.009503e+129
3.695687e+128
-1.528089e+142
-6.799473e+141
-2.075510e+124
-1.361415e+125
1.312088e+121
1.224628e+121
-4.960708e+131
3.920458e+129
-1.047044e+134
-8.605188e+133
-5.583158e+110
-2.483369e+111
-5.794608e+129
-9.146531e+130
-7.475633e+126
2.037165e+126
-9.468645e+142
-7.473710e+142
-1.431493e+129
7.618579e+128
6.790317e+127
5.566790e+126
-7.493596e+114
2.591971e+114
9.779410e+124
-2.453578e+124
1.155707e+130
3.578284e+129
1.438006e+130
3.554926e+129
-3.907310e+113
2.272635e+113
-9.460770e+139
1.772873e+139
-1.465380e+135
1.255855e+135
-3.627160e+121
-4.976348e+121
-2.383247e+115
4.739643e+115
3.145146e+111
-8.592181e+111
-7.188616e+138
-1.757071e+138
2.075655e+119
-1.373901e+119
1.712585e+132
1.991368e+132
-7.544629e+132
-7.268977e+132
1.151977e+116
-8.785597e+116
1.115467e+132
-1.028719e+132
7.526017e+135
1.078916e+136
-3.205703e+139
1.079171e+138
-3.631563e+110
1.676505e+111
-1.038028e+136
3.205292e+135
-9.507099e+130
1.560831e+132
2.295623e+132
-8.141251e+131
-1.660435e+118
2.423071e+118
-2.955244e+131
-3.000185e+131
1.712872e+133
-5.692383e+134
-7.555363e+137
-3.893407e+137
-2.576250e+118
-5.409623e+117
-5.242975e+134
-3.193364e+133
8.050547e+121
2.262441e+122
-6.715835e+119
-8.879297e+117
-2.499333e+132
-1.816524e+133
-1.410229e+113
1.334003e+113
-3.930637e+136
-4.276580e+136
3.925940e+117
-2.585187e+117
1.164122e+115
2.899007e+114
-1.868018e+123
-1.511126e+124
3.409753e+128
-4.646570e+128
-1.817063e+120
3.884574e+119
3.824194e+122
-6.255438e+122
1.501987e+119
-2.814562e+118
-2.092291e+129
5.743491e+129
-2.750942e+115
2.726902e+115
2.820159e+135
-6.006913e+135
2.334091e+109
7.030620e+109
-5.409955e+120
2.132047e+120
-4.364675e+134
-2.665777e+134
-5.756569e+112
1.039321e+112
4.337858e+135
-1.672695e+136
9.180133e+122
-2.649273e+123
-3.941550e+125
-1.451606e+125
-1.988922e+138
1.109665e+139
4.005718e+125
5.558324e+124
-6.493969e+132
-1.075915e+133
1.685880e+134
1.823578e+134
1.863653e+133
-9.055826e+132
-3.415768e+127
7.518491e+127
-7.964144e+130
-3.331984e+130
8.111415e+128
4.256025e+129
-5.598501e+125
6.000650e+125
-2.486452e+133
-1.384403e+133
3.610464e+118
-6.546306e+118
7.368901e+121
-2.495083e+124
1.054215e+137
-7.403369e+136
3.717969e+114
5.706869e+113
-2.270656e+137
-1.083765e+137
-3.208759e+122
5.155965e+122
-1.529125e+129
2.667357e+128
3.873709e+130
1.068303e+130
4.987819e+125
8.644890e+125
5.510974e+115
2.229588e+115
-4.337015e+119
2.952408e+119
-2.397891e+116
9.338617e+116
-6.226296e+117
5.212929e+117
4.286014e+124
1.088108e+124
1.010088e+115
-5.942488e+114
4.428827e+136
2.124217e+135
1.499529e+112
-1.117280e+112
2.083243e+127
-3.311107e+128
-1.249817e+128
2.402936e+127
5.489753e+129
-1.592276e+130
-2.938908e+127
8.154353e+127
2.658097e+116
-1.727595e+116
-2.515893e+133
1.320714e+133
1.878261e+134
9.412116e+133
-2.785899e+117
4.858876e+116
-9.142485e+133
-4.374075e+133
-2.003430e+131
-2.052344e+131
-1.324378e+132
2.252069e+132
-9.877936e+131
-1.244463e+132
1.139034e+127
-9.211729e+126
-1.711502e+132
-3.063163e+131
3.887393e+126
4.280943e+126
7.925992e+140
-1.694258e+141
1.178631e+135
6.628481e+134
1.843158e+118
8.708454e+117
9.381726e+132
-4.708875e+132
3.091117e+124
-3.289804e+124
-1.610585e+137
-5.259176e+137
-4.043041e+119
5.096076e+119
-3.717492e+129
-1.211563e+130
8.337360e+112
-1.473808e+112
-4.041228e+119
-1.625156e+120
-8.547429e+113
-4.433486e+114
-4.278895e+113
8.918577e+113
-2.816780e+115
-3.592526e+115
-2.811722e+119
3.347450e+119
-4.848387e+115
-7.147887e+114
-4.094990e+130
5.016235e+129
3.703964e+137
-5.104064e+137
-4.837798e+134
-5.109736e+134
2.407836e+135
9.695909e+134
2.217221e+135
1.068070e+135
-1.703008e+134
3.310297e+134
2.135419e+130
-3.530897e+130
3.765375e+138
1.201479e+139
-2.463363e+114
-2.613952e+113
-4.983177e+139
6.194446e+139
-2.262811e+124
1.125065e+123
1.501606e+113
2.190537e+112
1.578480e+123
6.348901e+121
1.041949e+123
-1.706421e+123
-1.593977e+141
-2.747570e+141
6.333673e+127
-1.732548e+127
-1.486964e+111
1.664540e+111
-3.182023e+138
1.163008e+139
-5.310992e+117
-3.291604e+117
1.017672e+124
2.775859e+124
1.498077e+140
-1.528232e+140
1.860944e+129
-1.462703e+129
8.756407e+126
4.652642e+127
-3.323087e+124
-6.480034e+124
1.956368e+128
-2.381795e+128
-1.760905e+125
1.105009e+125
-1.529782e+140
-4.035934e+140
-2.584826e+115
-1.340521e+116
6.593217e+127
-2.758626e+128
1.003471e+125
-7.247992e+124
-5.040266e+133
5.847409e+132
-1.600105e+135
-9.548504e+134
5.439431e+126
-6.587083e+126
2.882794e+118
1.707108e+118
2.032463e+130
-6.715970e+130
1.113739e+114
-8.569279e+113
1.693724e+134
3.556643e+134
3.537328e+118
2.980030e+119
-1.341810e+122
-5.687634e+121
-3.980143e+125
-7.179552e+125
1.885340e+112
1.775751e+112
-1.852024e+132
-3.034814e+132
4.614447e+119
-5.297402e+119
-2.605849e+112
7.525134e+111
4.166364e+125
5.477686e+124
-3.557993e+131
1.735343e+132
-5.817402e+120
6.357188e+121
-1.078239e+122
3.227225e+121
2.669571e+129
-8.066317e+129
-1.018598e+130
1.645802e+128
1.166082e+132
-1.868364e+132
-1.251951e+115
-1.093075e+115
2.255888e+132
-1.633657e+132
-5.355538e+113
3.700685e+113
6.359420e+139
-8.540094e+139
1.150691e+134
6.622000e+133
0.000000e+00
0.000000e+00
2.691066e+129
9.712048e+129
-2.639047e+127
-2.392475e+128
-7.315822e+130
-1.762976e+131
3.478130e+109
-6.409535e+109
-1.404719e+110
-3.692492e+111
-4.703583e+120
-1.780341e+121
1.825808e+120
1.503152e+121
8.849110e+122
1.960686e+122
4.605082e+128
7.884636e+127
-7.297291e+112
3.332629e+113
4.303060e+134
4.179161e+134
-3.469028e+134
-2.382005e+134
-3.586555e+126
1.049754e+127
2.351120e+131
6.914841e+131
-9.288505e+110
-1.129980e+111
-9.302304e+132
-2.395229e+132
-3.294171e+127
2.214942e+127
-1.428020e+137
2.286701e+137
2.805665e+138
-2.827509e+138
-2.436293e+130
6.714564e+129
1.840079e+127
-7.264951e+126
3.942695e+114
-2.128617e+114
1.422953e+137
-6.614230e+138
-8.758871e+128
5.148185e+127
-2.123533e+140
2.269645e+140
-2.255018e+126
-8.558031e+125
-1.367302e+129
-1.359431e+129
-1.171002e+110
2.441394e+109
-9.121492e+116
3.420997e+116
2.599466e+139
4.496111e+138
-8.884115e+139
5.326797e+139
1.761168e+138
1.179228e+137
-5.482597e+119
-2.569633e+120
-1.678373e+121
-7.456864e+121
1.123561e+121
1.074573e+121
-3.118805e+116
4.758554e+116
4.448300e+132
3.951395e+131
-2.275314e+133
2.916367e+133
-6.387189e+126
3.773865e+126
-2.207854e+117
-1.428448e+118
1.603709e+123
-3.989415e+122
1.562263e+134
-1.028740e+133
5.316996e+119
-8.757180e+119
-1.476089e+126
1.262355e+126
1.360198e+132
4.532044e+132
-2.414667e+134
-1.024087e+133
1.577369e+139
-2.043840e+139
1.228033e+123
1.308877e+122
5.971560e+125
-1.882004e+126
-6.229000e+126
1.133399e+127
-6.907828e+133
1.745082e+134
-5.475567e+133
-2.281739e+134
3.977669e+131
-5.459764e+131
-2.484757e+129
1.568486e+129
-5.275720e+126
-1.019468e+128
-2.363274e+133
1.669169e+131
-3.726140e+112
-5.645476e+113
2.960244e+136
5.726160e+136
-1.794137e+119
-4.122921e+119
1.882284e+128
-1.387380e+128
1.103596e+110
-7.671396e+109
-1.035900e+110
7.764357e+109
-3.666880e+111
-5.444266e+112
3.760770e+133
4.980285e+132
3.668118e+128
-4.207950e+128
1.682549e+128
-1.736277e+128
4.103449e+128
-9.089932e+128
-2.246125e+140
-1.248370e+140
-1.393122e+141
-1.083924e+140
-9.230670e+132
-6.935054e+133
-1.632195e+113
-4.104138e+112
-4.272439e+112
-4.964167e+112
-1.585203e+126
-9.962336e+125
-2.013394e+125
1.270841e+125
1.642064e+128
1.289970e+128
-1.167950e+137
-1.154330e+137
9.556330e+134
8.471240e+134
2.187155e+134
1.929193e+134
1.672072e+137
-6.288028e+136
2.182002e+130
3.015378e+130
-3.290762e+113
5.806035e+112
1.136986e+123
4.531728e+123
-1.781114e+117
1.128745e+119
-7.653665e+115
2.471201e+115
4.280848e+120
-3.062197e+120
3.863107e+138
-2.223645e+138
-8.021717e+138
-1.350679e+139
1.966242e+123
-1.556188e+122
9.542806e+116
1.480603e+117
2.777285e+122
5.919353e+122
7.116044e+111
5.731921e+111
1.132553e+115
-2.973694e+114
-1.687982e+123
1.465646e+124
1.244696e+120
-4.827849e+119
-8.008732e+116
2.064332e+117
7.126001e+117
-4.488744e+117
-2.211756e+127
-1.440971e+127
7.734822e+132
3.127846e+133
-5.026680e+126
4.287440e+126
-8.113586e+115
1.143385e+116
-2.527712e+136
6.192686e+136
2.454268e+125
-1.350398e+126
1.959686e+126
-1.472544e+126
-1.123677e+112
-7.025752e+111
-7.999832e+139
-3.789237e+139
-4.579032e+132
4.003971e+133
-1.643103e+110
6.512562e+109
-8.115967e+109
9.282118e+108
-2.818486e+138
3.236608e+138
4.967084e+130
1.796397e+130
-5.322020e+120
-1.474798e+121
-2.886515e+128
-1.482073e+128
-1.048120e+128
3.378407e+127
1.929980e+133
-2.914724e+133
-6.557028e+120
-1.505414e+120
-9.217432e+124
1.010280e+125
-2.544808e+124
4.736011e+123
1.180836e+142
-5.470592e+141
2.828348e+129
1.117188e+129
5.928266e+129
-8.637385e+129
1.330998e+134
4.970901e+135
2.909094e+112
1.860642e+113
2.976668e+113
-6.375586e+112
2.413290e+139
-6.466428e+137
1.685080e+126
3.338434e+126
-1.998177e+120
-1.428148e+120
6.126771e+136
-3.261193e+136
-1.473932e+131
1.745995e+130
-1.964503e+129
-4.347340e+130
-4.596120e+132
-8.325449e+132
-1.571188e+119
1.173676e+119
-1.242895e+130
-1.445322e+130
4.878554e+128
7.997407e+128
-1.497377e+128
4.952115e+128
-3.592022e+128
2.841529e+128
2.259351e+135
2.067620e+135
-3.406502e+135
-7.337039e+135
-5.584141e+135
-3.322656e+135
-6.932474e+135
-1.526436e+135
1.391545e+136
3.076514e+135
0.000000e+00
0.000000e+00
-6.602478e+135
-1.826551e+135
-1.271363e+126
1.264191e+127
2.399483e+137
-1.830806e+137
1.803120e+116
7.647969e+115
1.743994e+124
3.847340e+123
3.962106e+129
-3.790695e+129
-3.137781e+136
5.420595e+137
-3.129351e+134
1.368855e+134
1.373698e+133
-2.256164e+134
-1.982558e+134
4.331602e+134
-1.679638e+135
5.302451e+134
-9.897904e+109
-2.649317e+110
-6.696616e+123
-9.447476e+122
4.088799e+117
3.843051e+117
2.404875e+122
-2.751324e+122
1.254075e+124
-3.300010e+123
-2.412127e+130
-1.185023e+130
1.494451e+118
-4.957871e+117
-7.244815e+128
4.267964e+128
5.476283e+129
6.511552e+128
-2.860879e+116
2.124358e+117
-6.724085e+131
-9.900975e+131
6.168869e+131
8.777986e+131
8.712800e+126
3.569002e+127
2.889020e+127
-9.464549e+127
-3.781988e+119
-1.701150e+119
4.348316e+141
3.787359e+141
-1.466940e+110
1.408861e+111
4.604428e+111
1.878368e+110
4.105496e+119
5.062343e+119
2.482054e+120
2.961177e+120
5.178005e+131
1.097703e+132
3.419253e+135
-2.867342e+135
1.025443e+112
-4.342693e+110
-2.245171e+123
1.270027e+123
-9.043268e+119
5.456831e+119
-7.716757e+132
5.161141e+132
5.469543e+140
5.745463e+141
-7.115751e+140
1.464369e+141
-1.400612e+135
-1.771776e+135
-1.144366e+134
1.385044e+133
-1.191982e+137
-6.600646e+136
-5.579413e+124
7.990083e+124
-1.047686e+113
1.017121e+113
-7.728430e+140
4.881333e+138
2.281168e+132
3.607419e+132
-7.445613e+128
9.094102e+128
-5.979715e+109
7.479264e+109
9.490195e+109
-8.691002e+109
7.806804e+130
-3.381069e+130
-6.535085e+130
7.304987e+130
-1.632176e+128
9.107849e+127
8.928808e+135
2.664299e+135
3.002939e+128
6.317001e+129
1.391542e+128
-4.549548e+128
2.572847e+128
9.782734e+128
-1.415027e+120
-3.511688e+120
1.064330e+113
2.310976e+113
-5.463693e+113
1.224843e+114
-4.093736e+129
-3.075237e+130
-1.352888e+128
-1.261031e+128
1.422545e+132
6.312309e+132
-2.036822e+127
2.008955e+127
4.097518e+136
-3.607207e+136
-3.451215e+116
1.189007e+117
-1.014014e+119
-1.110799e+119
-2.358721e+110
-2.918527e+110
3.245786e+114
-7.811034e+114
-1.183907e+115
5.160368e+114
3.506459e+114
-1.921723e+114
-8.415359e+113
1.683933e+113
-1.756271e+114
-2.479139e+114
5.334081e+116
-7.967026e+116
-5.597557e+120
1.624538e+120
9.968437e+122
-1.282885e+123
2.832952e+123
7.783878e+123
1.700598e+128
-1.075525e+128
-1.693616e+128
1.794376e+128
1.249118e+119
-5.794134e+118
3.315229e+121
2.719745e+121
1.882563e+122
-1.331536e+122
-5.543271e+137
2.328173e+138
-6.788355e+138
-1.634477e+138
-3.634151e+138
1.206864e+139
-1.402415e+127
2.339510e+127
1.117801e+143
9.461484e+142
-3.492627e+134
-3.279991e+133
6.275490e+118
-1.025167e+119
1.712220e+118
1.013582e+119
-2.715296e+128
1.292668e+128
-1.402615e+126
1.603827e+126
-1.635914e+112
1.223898e+112
1.052112e+112
-2.139852e+111
1.093097e+132
-1.158326e+133
-8.568444e+121
1.945417e+121
4.630180e+109
-2.690576e+109
4.897835e+118
2.084051e+118
-1.945513e+120
7.552177e+119
3.442908e+115
-1.911941e+115
-1.340681e+115
-2.123792e+115
7.327337e+125
-6.569004e+125
2.288786e+131
3.637304e+131
6.834013e+131
-1.380625e+132
9.606994e+134
2.705096e+135
2.000066e+113
-3.232468e+112
-4.063217e+111
2.119691e+111
5.598925e+111
-4.314477e+111
-7.185685e+111
1.383653e+112
9.994974e+118
-6.854053e+118
-5.068114e+127
-1.453163e+127
2.294285e+127
-1.929899e+127
-8.041175e+142
-6.779675e+142
-3.763190e+130
-3.455064e+130
-3.967511e+135
-1.093336e+136
-1.258901e+136
-7.511172e+135
-5.214816e+126
6.378483e+126
-3.238985e+125
1.261715e+125
-6.982026e+124
3.738513e+124
-2.880648e+132
-3.351874e+132
2.281919e+137
-6.901462e+136
-1.346287e+110
3.987519e+109
-5.579379e+122
-3.449634e+122
4.148177e+134
-6.063028e+133
8.007713e+130
5.780063e+130
-3.787882e+129
1.515647e+129
1.492479e+130
-8.389659e+129
-5.116864e+116
4.442545e+117
-1.722204e+131
2.727373e+131
-1.324036e+136
4.934878e+135
-3.832468e+114
4.771916e+113
1.154210e+129
-3.156661e+129
-1.797808e+125
-5.942133e+124
-2.000977e+128
1.239406e+128
-2.137379e+132
-1.924746e+132
3.054612e+132
2.953673e+132
2.640178e+132
-7.170689e+132
1.546516e+121
-3.898429e+120
8.950921e+131
-2.057855e+133
-2.870771e+120
1.376148e+121
3.674375e+113
-1.015375e+114
-5.791715e+117
-3.353092e+117
1.005205e+124
-1.049725e+124
4.390809e+128
-2.308114e+127
2.064942e+128
2.308877e+128
1.239430e+140
2.014140e+140
2.623983e+140
-1.120701e+141
-2.683026e+141
4.902140e+140
-2.041154e+142
-1.454973e+142
4.913031e+129
7.597241e+129
3.612883e+129
-3.892230e+130
3.195679e+122
-1.693549e+123
7.002978e+125
3.112035e+125
-8.966823e+126
-3.212876e+126
-5.233439e+125
8.466974e+125
3.008371e+122
-9.103886e+122
6.351388e+122
-5.685183e+122
6.031340e+121
-3.422009e+121
4.828491e+120
9.148473e+121
1.304600e+139
-1.428975e+139
-3.005900e+138
6.822790e+138
2.130683e+115
6.557082e+114
-3.878131e+113
3.084056e+115
5.093263e+135
-9.319323e+135
2.233465e+111
-3.495276e+111
-1.484975e+114
-4.498703e+113
2.673230e+118
-1.919886e+119
-8.609371e+131
-1.597339e+131
2.185548e+121
-2.481945e+121
-1.231360e+121
1.469606e+121
7.477093e+119
-5.186989e+120
-4.324116e+134
1.468332e+135
2.813779e+137
-9.561926e+136
-3.721732e+118
7.627345e+118
-3.713490e+115
6.852243e+115
1.743265e+115
-1.096549e+115
-1.219580e+136
-1.775843e+135
1.032140e+115
-2.811644e+115
-2.621696e+129
3.980387e+128
7.159237e+127
2.936946e+129
3.294412e+122
2.762697e+122
-4.978116e+129
4.795462e+129
2.070207e+127
-4.367031e+127
8.253921e+125
-5.818942e+125
-5.810689e+137
-2.149539e+137
-1.715036e+137
-4.503554e+136
1.177054e+137
-4.495282e+136
-5.980228e+136
-4.284727e+136
1.101080e+136
1.012791e+136
1.068729e+137
-2.145485e+136
-3.973146e+120
5.140469e+119
-4.979599e+137
8.705403e+137
-3.677628e+119
1.352761e+119
-3.457403e+132
2.570585e+132
-1.586881e+125
4.667057e+125
2.446846e+124
-4.375754e+124
6.794448e+120
-2.225533e+120
5.376085e+131
4.430967e+131
1.002582e+138
-1.563237e+138
8.493333e+132
-3.950659e+133
6.685096e+134
-1.375959e+134
1.710305e+139
4.120920e+138
-1.308329e+111
5.015675e+110
1.610296e+127
-1.324111e+127
3.356394e+129
-2.026138e+129
-2.991911e+131
-6.054167e+131
-2.623886e+127
-1.160888e+128
4.289511e+123
-6.253597e+122
2.517484e+122
-2.629363e+122
-1.023694e+123
2.691574e+123
-2.139272e+132
-2.243906e+131
-2.027923e+133
-5.559940e+132
2.349866e+132
6.288715e+131
4.942879e+114
7.700008e+114
-9.128426e+114
-2.457354e+115
3.046426e+132
2.588659e+131
-1.151785e+118
-1.112522e+118
2.396367e+115
-1.537834e+115
1.400526e+114
-8.159610e+113
-5.790506e+113
2.342401e+113
2.447495e+130
-2.955667e+130
2.856189e+110
4.587641e+109
-1.389565e+119
3.245008e+118
-7.060146e+117
-3.457086e+118
-2.414077e+121
-1.541378e+121
-2.748633e+115
-1.678067e+115
-4.532412e+133
-5.108176e+132
3.999452e+112
-2.882464e+112
-6.010405e+112
4.935223e+111
4.549879e+112
-8.567291e+112
-6.727985e+111
1.585439e+112
1.138088e+125
-1.492933e+125
-1.845567e+124
3.151338e+123
-7.825633e+116
-1.395435e+117
1.401412e+117
4.148637e+116
-1.192366e+117
-5.738003e+116
3.082802e+116
2.615715e+116
-1.421335e+128
-3.174380e+127
-1.296468e+126
6.459299e+125
9.504569e+135
2.719371e+135
-6.329439e+126
-6.428685e+125
-2.783012e+131
3.046175e+132
1.507449e+129
-1.000330e+129
3.768718e+129
-4.345366e+129
1.024700e+134
5.018908e+133
1.271788e+133
-3.745612e+133
1.150026e+125
4.525375e+125
-9.886016e+122
1.114741e+123
-1.304019e+137
5.527503e+136
-1.300674e+136
3.743180e+135
8.731904e+121
1.210742e+123
7.737210e+139
-1.105259e+140
-8.055991e+138
3.645038e+138
-2.041743e+127
2.695251e+126
-4.911477e+111
-8.677248e+110
-1.381070e+111
1.773299e+110
-2.996385e+110
-1.766476e+110
2.006434e+122
-1.235784e+123
-5.572152e+134
8.140723e+135
-6.301124e+136
1.972431e+136
7.189567e+137
4.894762e+137
-1.515808e+131
2.882731e+131
-5.098832e+121
1.358174e+121
-8.306927e+117
-8.919043e+117
2.260408e+117
1.289194e+118
3.901995e+117
5.361465e+117
-2.649088e+116
-1.090614e+117
1.286831e+118
5.377889e+117
1.458260e+134
-3.303978e+133
-5.569204e+115
1.229443e+115
-1.226071e+116
-1.367039e+116
-1.399506e+118
-1.410275e+119
1.712834e+120
-1.418275e+120
6.923445e+119
2.661596e+120
1.849326e+120
2.297743e+119
-1.561346e+120
-7.699481e+119
4.904264e+131
-7.378296e+131
7.749645e+130
-7.446895e+131
-6.235837e+125
8.796036e+123
-2.196797e+125
-1.730125e+124
-4.195403e+123
6.633421e+124
-1.153636e+129
-4.792518e+128
1.667363e+133
2.535097e+133
-1.488244e+117
6.258806e+116
-7.309493e+120
3.852339e+120
1.660115e+115
3.500271e+114
-2.732589e+131
4.746181e+130
-7.316897e+136
3.636699e+136
3.290581e+136
-2.413694e+136
4.974819e+130
-7.333380e+130
-1.424488e+120
-7.038484e+119
-1.194674e+121
1.581556e+121
-9.209764e+136
1.754203e+136
6.998415e+137
3.263459e+137
2.515360e+121
-6.051715e+121
8.231020e+129
1.883163e+130
6.356687e+117
-9.036041e+117
-2.682050e+132
-2.664010e+132
1.154554e+132
-1.170360e+133
3.188961e+113
-4.653390e+113
7.296332e+114
1.481306e+114
-1.348827e+114
7.614920e+113
9.598176e+113
-2.872206e+113
1.196654e+113
-3.080062e+113
-2.438746e+111
4.503453e+112
-1.095522e+112
1.035796e+112
2.362416e+112
-3.235510e+112
6.582282e+112
-3.203240e+112
-1.054482e+117
-1.200043e+117
1.007433e+130
-1.506363e+130
1.909983e+132
3.611718e+131
1.254016e+122
-1.091819e+122
4.158974e+127
-6.450505e+127
-6.352953e+122
3.624532e+124
6.828114e+134
1.111641e+135
3.161092e+127
-3.167940e+127
9.606945e+116
1.061680e+118
-6.814640e+116
-1.038637e+117
1.189171e+130
-1.402973e+130
-2.967591e+132
-1.722610e+132
8.930322e+132
9.883562e+132
-4.122576e+128
6.644101e+128
2.754362e+128
3.228115e+127
1.479736e+116
-1.637112e+116
6.770365e+134
8.550017e+134
-6.320338e+134
-8.199220e+134
2.874618e+134
4.288317e+134
-1.273736e+134
-4.033290e+134
3.841169e+135
8.655505e+134
-3.169468e+134
-8.788154e+134
4.866460e+134
2.078772e+134
-1.094956e+136
-2.040706e+136
1.928804e+134
-1.803266e+135
2.423398e+135
7.762995e+135
-8.910309e+135
-8.813199e+135
3.650984e+134
2.777459e+136
4.822444e+135
2.898046e+135
-5.829397e+134
-3.780166e+134
2.592567e+134
4.088723e+132
1.497834e+140
-9.326369e+139
4.761949e+110
4.077796e+110
3.287152e+110
-5.048686e+110
-3.267652e+110
-6.663949e+110
1.569148e+111
-9.494626e+110
-2.704795e+109
-3.257313e+110
3.879254e+142
3.248256e+142
2.965869e+141
-4.220446e+141
2.008117e+141
-3.972549e+140
-7.833838e+141
2.900606e+141
3.684030e+142
2.107035e+142
-6.394460e+142
-4.238301e+142
4.469251e+134
6.280144e+134
-1.795181e+135
-1.630197e+135
-6.455279e+135
2.095017e+135
-1.181349e+136
4.945790e+135
-3.538049e+133
5.852725e+135
-4.808413e+134
6.588694e+133
1.620289e+134
-1.710051e+134
-1.416085e+127
1.134216e+128
1.381287e+137
-2.070745e+138
4.367131e+126
2.704880e+127
2.764865e+126
-8.183596e+126
-3.875665e+125
1.771134e+125
-4.807074e+125
3.403402e+125
-9.911160e+136
2.214058e+137
-1.710770e+113
1.101450e+113
1.660996e+114
-6.333528e+113
9.100059e+112
-3.409420e+112
-4.216281e+112
9.079378e+111
1.112420e+112
-4.368321e+111
-1.105125e+111
2.069778e+111
1.301549e+112
8.092247e+111
-5.439699e+111
3.486825e+111
-2.983557e+115
1.732600e+115
8.229489e+114
-4.754066e+114
-5.778741e+114
9.362845e+113
1.071301e+115
-4.700143e+114
-2.000203e+113
6.478519e+112
-2.580385e+114
-2.179403e+113
8.896918e+113
-2.448248e+113
9.423756e+128
-5.025152e+128
-1.093195e+128
-4.866957e+127
1.618297e+127
2.920234e+127
2.426541e+126
-6.757880e+125
-4.585401e+125
-6.432973e+125
2.139116e+127
-4.634781e+127
2.450650e+140
-1.037291e+140
1.092748e+140
-1.199461e+140
-7.676722e+122
3.728479e+123
1.348611e+124
-1.633938e+123
-1.550428e+124
8.626307e+123
-7.642816e+111
3.097071e+111
-8.353283e+110
3.166240e+111
-1.203885e+112
-1.132426e+112
6.413129e+110
-2.455473e+111
-8.952060e+110
1.667600e+111
-1.162062e+114
-5.521994e+113
4.162914e+126
-3.679306e+126
-2.225505e+119
1.260988e+120
-1.073333e+132
-1.224168e+132
1.478864e+131
1.290090e+131
1.645161e+131
2.084418e+131
-9.669894e+130
-4.662183e+130
4.437417e+130
1.738737e+131
2.065429e+131
7.239559e+130
-1.038721e+124
-2.767389e+123
5.120948e+126
2.957045e+127
3.904465e+126
-6.899943e+125
-1.408331e+127
-1.262506e+128
-1.842442e+126
1.055369e+126
-1.782772e+126
1.533513e+126
2.478990e+125
-4.630981e+125
-2.445788e+125
3.610367e+125
7.251063e+124
7.206736e+124
1.392597e+126
-2.716861e+127
-9.407065e+131
-4.607472e+131
-1.689800e+139
2.988625e+140
-8.497404e+125
1.450110e+125
5.125639e+136
-9.981083e+135
-6.866466e+124
9.822642e+124
4.919760e+124
-4.306458e+124
-2.967321e+134
-2.325913e+134
7.594563e+112
-2.144235e+112
8.130483e+124
-1.689420e+125
8.577861e+124
-1.067709e+125
6.262356e+124
4.029363e+124
-4.574254e+126
-1.833004e+127
3.575239e+135
1.378081e+136
-2.309944e+135
8.319464e+135
-3.389030e+121
1.610451e+122
1.068633e+123
2.070413e+122
-1.835820e+128
4.391170e+128
-3.191278e+124
4.117528e+124
-8.621018e+128
-1.102322e+129
6.055228e+128
2.303742e+129
8.541100e+128
5.569169e+128
-9.197435e+128
-1.483603e+128
-2.146861e+127
-1.830793e+128
-1.549712e+127
5.077817e+127
-3.608892e+128
1.900243e+129
-1.135092e+129
-3.223330e+129
-5.927040e+128
2.997020e+128
5.682086e+130
-6.922635e+130
-1.355115e+130
2.583351e+129
-1.769812e+130
1.582453e+130
5.175436e+130
-2.621335e+130
-4.686403e+128
9.757600e+128
2.439863e+128
-3.893406e+126
1.793565e+120
-2.984713e+119
1.440042e+120
-5.907588e+119
-9.602958e+119
3.965823e+119
9.814387e+119
4.220763e+119
-7.718032e+118
-1.299209e+119
5.572113e+118
7.038962e+118
-1.261545e+119
-8.417081e+118
1.777637e+119
-1.350194e+119
3.985094e+119
-2.548839e+119
2.002398e+128
1.241112e+129
-1.583000e+129
2.571842e+128
-5.739711e+131
-2.901754e+132
3.504212e+132
-1.459965e+132
-4.126918e+132
-3.208575e+132
1.513763e+133
1.274696e+132
2.325941e+133
8.398829e+132
-1.169021e+133
-4.130087e+132
1.539090e+132
2.344913e+132
2.109356e+132
1.475354e+132
1.738301e+132
2.052598e+132
4.133720e+118
3.932235e+117
8.010745e+119
-1.516119e+120
4.522097e+129
-2.222082e+130
-3.168235e+124
3.229901e+124
5.303752e+124
-1.463281e+125
-6.774394e+129
4.385913e+130
-4.052145e+129
-1.093423e+129
2.753042e+129
1.722884e+129
6.685906e+116
1.028599e+116
-2.106830e+132
-1.063096e+132
1.722362e+114
6.396716e+114
1.978551e+114
-1.951243e+114
1.903904e+114
-1.504264e+114
4.597461e+114
1.219485e+115
-1.145700e+115
-4.587604e+114
-8.809640e+115
9.115867e+115
-1.577094e+115
2.180841e+115
-1.057685e+116
1.856671e+116
4.329300e+121
1.429534e+122
-1.254109e+121
-4.446926e+120
-4.710285e+120
1.717803e+120
3.220463e+120
-1.720760e+120
-3.528111e+139
3.723501e+139
-3.378081e+138
-4.062600e+139
1.778106e+140
2.277511e+139
2.842532e+129
4.848580e+129
2.847939e+130
-9.070405e+128
-1.649358e+130
1.090823e+129
3.619413e+130
1.594171e+130
4.118481e+130
1.084413e+130
-4.528827e+129
1.332084e+129
-1.289277e+130
9.630261e+129
1.407003e+129
-4.442960e+129
-9.566220e+128
5.404964e+127
9.879652e+128
-1.584936e+129
5.118014e+136
7.148429e+136
-1.140148e+122
2.139721e+121
1.268890e+126
2.118062e+126
-2.559664e+134
-2.222967e+134
9.274801e+117
-9.283574e+117
1.088189e+127
-6.546178e+126
-1.072636e+127
-6.115162e+126
6.360418e+126
-2.391448e+126
1.617551e+127
7.148925e+126
4.351871e+113
6.791811e+113
1.840186e+135
-2.148808e+135
6.245896e+134
1.973947e+135
3.679187e+133
-1.673693e+134
3.914955e+133
2.533351e+133
2.780670e+134
6.004231e+133
1.359107e+135
2.036488e+135
1.962386e+135
8.455125e+135
3.911862e+119
-9.455455e+119
-4.315426e+123
-1.357076e+123
-2.669457e+122
3.767606e+123
-3.088908e+123
1.629525e+122
1.108521e+121
-2.728987e+122
-5.797513e+123
1.147902e+124
1.742007e+110
4.966529e+110
-1.465469e+111
-1.631121e+110
4.154404e+109
-1.194740e+110
3.600367e+109
-8.985274e+109
7.227754e+127
3.384879e+127
-1.481708e+131
3.806530e+131
-1.615289e+126
-1.277049e+126
-2.756675e+122
7.243362e+122
2.246775e+123
1.244262e+123
3.971897e+112
-3.679982e+112
-2.359320e+112
1.942391e+112
8.687566e+111
-4.556520e+111
1.585328e+112
-8.657159e+111
-4.700804e+112
4.673760e+112
2.279539e+123
-3.292162e+123
-1.649177e+123
7.607690e+123
1.022517e+113
-3.466071e+112
-1.080001e+113
7.603579e+112
1.072769e+114
-4.795845e+113
-2.263891e+114
-9.354372e+114
3.390582e+113
2.668298e+114
-4.624053e+113
1.645693e+113
7.847505e+113
-1.021298e+114
-4.242753e+133
1.873590e+134
-5.033813e+133
-9.893248e+133
-7.393840e+133
1.031765e+134
-6.249559e+124
-3.447249e+124
2.568425e+123
3.585231e+124
2.306408e+124
2.958527e+124
2.545601e+130
3.526241e+131
-1.204531e+116
-6.012973e+116
-1.572167e+129
5.913271e+129
2.666749e+129
1.546754e+129
5.251956e+133
-2.867866e+133
3.535214e+134
2.068636e+134
1.084475e+133
-4.326732e+133
-4.845026e+133
5.025368e+132
2.719904e+134
-2.938396e+134
8.850599e+133
3.895671e+134
-6.899394e+121
1.555093e+122
2.372679e+122
-1.908880e+122
5.430492e+120
7.883509e+121
2.929492e+129
-1.364873e+129
9.087547e+129
1.401910e+130
-6.805837e+130
-2.732222e+130
-7.971770e+128
5.047500e+129
1.391342e+129
-5.724355e+129
-4.907743e+128
-4.082355e+128
-2.271404e+128
-2.202147e+129
4.304007e+128
-5.777953e+128
-4.552180e+127
2.248845e+128
-3.372018e+128
-4.085920e+128
4.576554e+128
-3.349498e+127
3.150989e+127
-3.347105e+128
-1.744159e+131
4.432029e+131
-3.421040e+133
-2.835916e+133
4.510166e+114
1.365944e+115
5.110300e+134
7.457649e+134
-2.562760e+132
9.630331e+132
8.520812e+123
-6.160893e+123
-1.728581e+123
8.340506e+122
6.281407e+119
-7.491976e+118
-7.703720e+118
-1.356138e+119
-1.770276e+119
3.185556e+118
-2.630122e+120
2.800116e+120
6.248017e+119
4.842759e+119
-1.860847e+132
3.762136e+131
1.262420e+138
-3.024315e+137
5.413485e+138
-2.134905e+138
-6.991359e+137
1.478052e+137
8.225298e+136
8.157944e+136
2.916027e+136
7.049889e+136
1.197483e+136
-2.393508e+136
1.687795e+138
1.714938e+138
-1.986345e+137
-8.072928e+137
-1.394928e+137
2.123376e+137
2.152359e+138
-1.100689e+138
6.796043e+138
-9.652491e+138
6.710786e+138
-4.950898e+138
-5.229744e+138
3.470453e+138
-1.899685e+139
2.169047e+139
5.129902e+139
3.153979e+139
2.749551e+140
4.641350e+139
3.019766e+140
-1.822334e+140
2.101235e+123
3.467846e+122
-2.283247e+124
-1.167251e+124
-2.008186e+124
-4.416754e+124
2.302457e+131
-1.136072e+132
-6.835312e+134
-8.052118e+134
-8.225664e+129
-1.280512e+130
7.047789e+132
3.743453e+132
-3.805327e+131
-5.801706e+131
2.425148e+115
3.680248e+115
1.379039e+114
-3.226909e+114
1.182338e+114
5.316134e+113
4.750601e+122
-9.654110e+122
-3.471595e+122
2.701867e+122
-2.008638e+113
-5.748862e+112
-5.386174e+112
-3.592827e+112
1.181686e+111
1.156268e+112
7.018262e+113
-6.678536e+113
1.620158e+114
-5.124156e+114
-5.567090e+114
2.360590e+115
1.290405e+114
7.014509e+113
2.656201e+126
-1.329463e+126
-1.004202e+126
7.108289e+125
1.334288e+125
-5.091041e+124
-2.471993e+113
-4.930031e+112
-6.106722e+134
-6.060313e+133
5.948233e+111
-4.977770e+111
6.207346e+111
1.902479e+111
-2.334456e+112
5.885199e+111
-3.175920e+111
1.111526e+112
-2.982130e+113
3.378364e+113
8.378729e+112
3.364655e+111
1.803088e+111
1.396633e+111
-3.193345e+111
-3.307602e+111
-1.761023e+112
5.502021e+110
-3.920581e+113
-2.120002e+113
-8.787130e+114
-1.350659e+115
-1.079886e+114
-8.664430e+113
-1.193408e+112
5.271364e+111
1.195617e+113
-4.568641e+112
2.534724e+112
-3.070283e+111
-6.847353e+111
1.457103e+111
-3.519640e+110
1.605326e+110
7.332810e+110
-9.896273e+110
-1.271858e+139
9.973942e+138
1.544994e+139
3.481341e+139
5.064512e+139
5.297474e+139
1.600922e+138
-2.452011e+138
1.905559e+138
-3.855007e+138
-2.465005e+138
3.179586e+138
-5.495860e+120
1.698709e+120
1.027057e+120
-4.503727e+119
-3.932800e+131
-1.021236e+132
5.404557e+121
-1.389564e+122
1.757266e+119
-2.766970e+119
8.842744e+133
8.111744e+134
8.894282e+128
5.068345e+129
9.402242e+117
1.269791e+118
9.498779e+118
-2.766731e+118
1.600989e+118
-3.181677e+117
-1.967956e+118
-3.587232e+118
7.712162e+118
-1.240268e+119
-2.258472e+119
3.694530e+119
-6.016996e+126
8.434018e+126
2.070115e+126
-2.969335e+126
-1.475125e+136
-2.351309e+136
1.412830e+136
-1.574687e+136
-4.500464e+137
2.014604e+137
2.088751e+137
-1.598205e+137
-3.726836e+136
1.395698e+136
2.050806e+135
-1.929582e+135
-8.834976e+130
-2.315427e+131
9.798389e+130
-2.602009e+130
-3.499049e+124
-1.110928e+125
-4.801900e+127
-1.472990e+128
-1.180045e+128
1.539564e+128
-5.304016e+128
-1.578803e+128
-2.453686e+131
5.140478e+131
1.871376e+132
2.609472e+132
4.688171e+132
-7.672706e+132
-1.721144e+131
6.581217e+130
1.777736e+130
-6.516654e+130
-1.748746e+129
9.152119e+129
9.352598e+128
-3.622217e+129
-1.804262e+129
-1.033747e+129
1.374230e+128
3.621297e+128
-5.103899e+126
-9.930094e+127
4.596097e+127
7.667242e+126
-9.246994e+129
-1.611884e+129
-9.007646e+130
-5.683413e+130
-6.556141e+132
-5.672582e+132
6.681148e+132
-9.487457e+132
-1.753691e+125
-1.668939e+126
7.598834e+125
9.744140e+125
2.517564e+127
-1.511178e+127
-1.683242e+128
6.369528e+127
-1.582264e+125
3.514548e+126
9.224653e+114
-2.421980e+114
-3.065514e+129
1.308737e+129
2.845734e+129
-1.653858e+129
-6.288740e+128
-4.079882e+128
1.307010e+128
4.755558e+127
-3.510874e+126
-9.087402e+127
7.616933e+127
-8.798250e+127
7.826478e+128
-3.362461e+129
7.157650e+128
3.513861e+128
7.762635e+129
-5.351693e+129
2.235240e+129
5.784097e+129
3.164098e+130
5.777621e+130
1.961925e+130
7.106960e+129
-2.721803e+130
-2.083251e+131
1.060502e+130
1.407128e+131
1.443314e+128
5.269420e+128
-6.768679e+127
1.637545e+127
1.445855e+127
3.277810e+125
1.228276e+129
-3.082545e+129
-1.884258e+129
-2.881018e+129
-1.621467e+113
6.663693e+112
1.639037e+113
-1.103125e+113
2.305525e+113
-1.495842e+113
3.202101e+130
-4.693284e+129
-1.097682e+131
2.388598e+131
1.215247e+132
-1.370125e+132
1.944160e+131
-7.277076e+130
2.229823e+131
1.560624e+131
2.031348e+121
-2.558851e+121
2.934256e+121
-6.114277e+121
-3.298362e+139
4.050679e+139
1.708625e+139
-7.545440e+138
-2.667985e+139
4.051970e+139
-9.418408e+117
3.370150e+118
1.386292e+118
-3.088856e+118
1.393244e+119
-8.595488e+118
5.237651e+117
6.087010e+117
6.189484e+134
6.997885e+135
-2.059475e+136
-2.759569e+136
4.049594e+130
2.192726e+130
3.109589e+122
-6.414125e+122
-6.780186e+122
1.324305e+123
-8.981833e+122
2.011731e+123
2.390509e+120
2.863144e+120
6.744937e+121
-6.345455e+121
-6.234059e+120
-4.154042e+122
4.894766e+121
-6.324804e+120
-1.382985e+123
1.176807e+124
4.174954e+123
-4.328593e+123
-4.147646e+124
-1.175035e+125
1.635038e+125
9.656511e+124
1.737683e+124
-4.495076e+124
-5.407885e+137
5.027372e+137
2.036761e+138
3.111556e+137
-1.331249e+121
8.655969e+119
-1.818554e+115
-7.563423e+113
5.958707e+130
-3.291235e+131
-2.486103e+139
-5.520526e+139
3.482082e+139
7.076024e+140
-1.373800e+141
1.532046e+141
3.715274e+139
1.634016e+139
8.668981e+138
2.790590e+137
-8.767035e+137
1.518994e+138
-4.501463e+137
-2.036284e+137
1.050172e+136
8.344641e+136
3.721935e+136
-1.745838e+136
-3.101540e+135
1.781671e+136
2.025277e+137
4.778676e+136
-4.594883e+135
-3.901345e+134
6.454960e+134
7.068841e+134
-1.091982e+134
-1.667444e+133
5.260683e+132
5.091292e+132
5.531302e+133
5.834400e+133
5.736865e+133
-6.703632e+133
4.826922e+132
5.320531e+133
2.387336e+133
-9.155440e+133
-1.965529e+134
-1.569343e+134
-5.159626e+118
1.656068e+118
6.561215e+117
-2.655691e+116
2.417646e+118
-1.599583e+118
7.358339e+120
1.854807e+121
-2.115196e+120
1.401529e+121
-1.396823e+121
3.633766e+120
-1.777623e+121
-4.022347e+120
2.011536e+133
-5.176614e+132
-1.668346e+131
3.440987e+131
-3.018908e+132
-2.092419e+131
-1.036497e+114
1.241253e+114
6.814499e+113
2.387950e+113
-4.549705e+114
1.669853e+114
1.121378e+114
-3.209018e+113
-5.585789e+114
8.181628e+113
-5.787243e+139
7.319807e+140
8.445922e+139
-1.224617e+141
-2.112046e+139
-5.673808e+139
-2.576089e+140
1.087763e+140
9.529422e+139
2.221834e+140
2.083669e+126
-2.355849e+125
-4.910099e+126
-5.590013e+125
-5.071664e+126
1.245969e+127
-4.615844e+126
2.821055e+127
-9.776388e+119
1.498157e+120
2.653375e+130
2.221299e+130
-2.642479e+129
4.348041e+129
9.862634e+128
-1.191714e+129
5.121884e+136
6.935778e+136
5.610993e+136
3.084474e+136
-2.740093e+135
-5.364290e+136
-7.548438e+136
-2.048099e+137
-5.916572e+136
1.525227e+136
-3.563173e+135
-2.269016e+135
8.416193e+134
8.466760e+134
6.734535e+120
-7.089529e+120
1.191526e+121
-1.819255e+121
2.168627e+119
8.169163e+120
-9.220790e+120
-1.116258e+120
-1.313949e+122
1.375367e+122
-1.790047e+122
-1.955054e+122
9.076928e+121
4.621974e+121
-1.530669e+121
1.913691e+121
-1.693606e+123
-8.115818e+121
9.904279e+122
-1.175484e+124
-7.247134e+123
1.073065e+124
5.130869e+123
4.666816e+123
3.999567e+124
-2.615236e+124
-2.471365e+124
2.861289e+124
-4.265203e+123
-3.029652e+123
-5.129725e+123
6.868865e+123
3.672886e+124
4.219304e+124
6.092286e+123
-1.409837e+124
-6.280446e+123
2.215022e+124
-3.081413e+121
5.819520e+120
5.646714e+121
-7.245168e+121
7.870671e+121
3.321114e+122
1.083719e+122
-2.517594e+123
-1.219012e+126
-5.337143e+125
4.128154e+125
2.841654e+125
4.196867e+124
-2.396478e+125
-2.757074e+125
-2.213434e+125
2.090475e+125
6.727997e+123
-2.500964e+124
5.128999e+125
1.278403e+125
7.824979e+125
9.189533e+124
1.684876e+125
5.530712e+124
-3.217944e+125
4.344220e+125
-4.437388e+125
2.417579e+126
-1.735781e+126
-2.686827e+124
4.534415e+125
8.891638e+124
9.234955e+124
1.445010e+124
-4.486175e+123
-6.105019e+122
-3.334301e+123
3.705370e+126
-4.164437e+125
-5.392299e+126
4.605431e+126
-4.332432e+126
-4.930442e+126
7.459481e+126
3.438418e+126
-2.307812e+126
-2.605516e+126
4.931108e+134
4.862276e+134
-9.099292e+133
-1.485289e+134
-4.059429e+134
-1.760366e+135
-1.653463e+135
-4.672062e+135
-8.174226e+131
1.302449e+132
-1.521451e+133
-7.946144e+132
5.497952e+133
1.190098e+133
-6.787439e+133
-3.685770e+133
1.430453e+134
6.069294e+133
-5.258758e+133
-3.589460e+133
2.115678e+134
-5.508075e+133
5.320476e+134
2.611247e+134
-1.613810e+135
-9.339129e+134
6.820136e+136
-1.919516e+136
5.518461e+135
6.383134e+135
-1.439155e+136
7.005988e+135
-1.601236e+130
5.468119e+130
-7.484757e+130
1.273188e+131
3.934855e+131
5.992902e+131
-1.510051e+131
-6.890029e+130
-7.908303e+131
-9.097480e+131
2.411832e+130
-1.180342e+131
3.793805e+130
3.081225e+131
1.832526e+130
-1.020668e+131
-3.912022e+131
-1.462422e+130
-5.848017e+131
3.349951e+132
-1.129567e+133
-8.787379e+132
1.733147e+133
7.053470e+133
-4.184672e+133
-3.461515e+134
-7.969713e+129
-3.902707e+128
-1.031062e+129
-1.288099e+130
3.980160e+129
3.930879e+129
3.602979e+134
-3.235368e+134
8.967753e+134
-2.138314e+135
-8.272919e+134
2.102477e+135
1.465803e+134
2.047822e+134
3.505506e+133
1.614927e+133
-2.027565e+133
-1.169905e+133
5.268668e+133
6.057080e+133
9.102441e+131
5.374885e+132
9.708324e+130
-1.568765e+131
-3.205150e+131
-5.660157e+131
2.548258e+132
3.412486e+132
1.929639e+130
7.330264e+130
1.062857e+131
-3.814545e+131
-1.932260e+132
9.389855e+131
-3.809870e+130
-6.120704e+130
-9.643951e+127
-6.121072e+127
1.524695e+128
8.467336e+127
8.457304e+127
-1.216641e+126
1.107376e+129
2.598832e+127
-4.086650e+129
4.228299e+129
-1.852726e+129
-6.131713e+129
-3.603905e+130
1.776019e+130
4.926679e+138
-5.093253e+138
6.422163e+138
-6.680891e+138
1.870740e+138
-1.180460e+139
1.818423e+139
-2.310213e+139
7.314500e+138
-1.674113e+138
7.270848e+139
4.710693e+140
-4.854223e+140
3.136240e+140
9.977555e+138
-4.525003e+139
1.774135e+138
-1.440021e+138
5.752987e+138
-3.397401e+138
1.217624e+137
-1.002182e+138
-1.044589e+138
5.617708e+138
9.981828e+137
-2.072086e+138
-3.031338e+137
4.144337e+137
-1.128267e+138
9.100051e+137
-1.398884e+139
6.531491e+138
7.014731e+139
-3.739202e+139
-1.865774e+139
-8.312258e+139
-3.079241e+139
4.011063e+139
5.431259e+136
-2.699414e+137
-3.999582e+137
-1.554344e+138
-1.585101e+138
1.393322e+138
-5.744517e+142
-4.134351e+142
-1.026307e+143
-9.736239e+142
-9.848994e+141
1.907729e+141
3.867807e+141
-4.297135e+141
-4.291661e+140
3.224706e+140
-2.440936e+142
-1.355013e+142
1.888184e+117
8.514494e+116
-8.685902e+115
1.211799e+116
-5.646461e+116
-3.430494e+117
-1.360363e+118
4.048881e+117
-3.157208e+118
1.198328e+118
-1.037268e+119
1.485366e+119
1.088000e+115
1.535757e+115
-5.525375e+114
-6.336085e+115
-2.576787e+116
3.162250e+116
2.496123e+116
6.418059e+114
-1.411761e+117
-8.412128e+116
1.849450e+116
-6.484120e+115
1.132318e+116
7.603887e+115
9.471056e+127
2.168859e+128
6.659768e+127
-1.214960e+128
8.800857e+127
-3.869546e+127
-1.195987e+126
4.266967e+125
-2.694447e+127
2.655338e+126
2.688491e+126
2.606011e+126
-1.117166e+128
-6.593883e+128
5.326232e+115
2.760003e+115
-1.271643e+115
-1.494158e+115
6.385523e+132
-5.875000e+132
-7.390491e+132
4.236319e+132
-1.135078e+134
1.193704e+134
3.235340e+134
-3.324707e+134
8.451699e+128
3.127440e+129
1.084780e+130
-1.934995e+130
-3.636052e+129
1.315396e+130
-1.539943e+135
-1.223884e+135
-5.760469e+134
2.072701e+135
5.708724e+135
-1.814076e+134
-2.980547e+135
-1.902794e+135
4.295558e+134
1.270020e+135
4.240196e+134
7.919818e+133
-6.496899e+134
-8.227981e+134
-2.244592e+134
-3.899323e+134
-1.222161e+134
-1.463842e+134
2.900058e+133
-3.987463e+133
2.916420e+133
2.007811e+134
1.094527e+136
1.950591e+136
2.158879e+135
5.053725e+135
-4.530141e+134
1.358859e+135
-2.066956e+136
-1.085496e+136
8.145538e+136
-4.589097e+136
-6.811170e+136
-2.720963e+136
-3.956114e+136
2.270778e+136
-1.556890e+130
1.099512e+129
-1.298424e+129
-1.200996e+129
-1.882605e+129
3.125990e+128
-3.251967e+128
3.016893e+128
6.127287e+128
-3.480511e+128
4.017737e+136
-2.474657e+136
-1.421513e+137
1.692360e+137
1.495670e+137
-3.191351e+137
-1.277928e+138
5.531966e+137
-7.677641e+136
-5.762998e+136
3.133365e+137
-5.717478e+137
2.407235e+137
-1.154597e+137
-1.143552e+138
1.208614e+138
-1.654897e+133
1.809882e+133
4.767428e+132
-5.769289e+132
-4.230428e+132
4.728556e+132
3.773265e+132
-4.107283e+132
-1.767623e+132
1.832851e+132
1.016886e+130
1.483178e+129
8.765155e+129
7.962604e+129
-5.626562e+129
1.889816e+129
-6.631632e+127
-1.656921e+128
-2.771297e+129
-2.465053e+129
1.246784e+129
-1.522949e+129
8.197162e+128
-6.407753e+128
1.113659e+128
-1.258815e+128
-2.069946e+128
2.321292e+128
-5.375799e+127
4.728816e+127
-6.517245e+127
7.232486e+127
-2.999751e+126
2.338096e+124
2.317993e+127
-1.688905e+127
1.429995e+127
-5.030842e+126
1.204475e+126
1.402159e+126
-3.596059e+127
3.714195e+127
9.118654e+126
-3.553836e+126
-5.137729e+126
9.068389e+126
-1.701531e+126
-4.033210e+126
-5.598799e+125
3.238220e+126
2.121508e+125
-2.174880e+124
4.305107e+126
-6.910032e+126
3.524009e+125
2.400158e+126
5.153395e+125
-1.939176e+125
-1.180959e+125
3.321283e+125
-3.392367e+126
2.050959e+126
2.191508e+128
-2.731604e+128
1.192601e+128
3.530428e+128
-4.171187e+127
6.974215e+127
1.481184e+127
-1.965921e+127
-8.121080e+129
2.120972e+130
4.302087e+129
4.567423e+129
-1.605503e+126
5.463349e+125
3.189511e+126
6.279299e+126
1.258959e+126
-4.298423e+126
6.451979e+126
-1.723249e+127
-1.575867e+128
-1.172747e+128
5.281432e+128
-8.970584e+127
-4.756843e+129
7.894952e+129
1.922148e+129
1.861514e+128
-3.375138e+130
-2.686355e+130
-1.272979e+125
-2.766230e+125
-6.652228e+124
-6.000985e+124
4.687027e+122
-1.339506e+123
1.925455e+123
7.756649e+123
-5.528348e+122
-3.121892e+123
1.133498e+122
-3.641948e+122
-1.342304e+121
8.345560e+121
-1.540271e+122
-1.227050e+122
-3.043415e+112
-4.153019e+114
2.468075e+115
1.640447e+115
3.129698e+116
-1.308545e+117
6.587500e+116
-6.842027e+116
1.920462e+117
-6.447392e+116
-2.251047e+117
1.582930e+116
-9.978498e+132
-8.812255e+132
-4.948793e+132
1.065265e+130
-1.402334e+133
-8.732039e+132
-1.330315e+132
3.354200e+131
5.828010e+132
-2.873183e+131
6.005454e+132
2.798254e+132
3.253075e+131
-8.843581e+131
-2.678159e+131
-5.612297e+131
3.070536e+131
5.220076e+130
-1.698994e+131
-8.084530e+130
-4.180659e+130
8.804406e+129
-6.530466e+130
7.247458e+130
9.508829e+130
-1.067073e+131
4.993328e+131
2.098921e+131
1.434424e+131
1.439198e+131
-1.793088e+131
-5.477049e+131
-5.948063e+131
-5.896627e+131
9.036846e+131
-1.872757e+132
1.157391e+132
6.015876e+132
-3.577741e+133
-3.796419e+133
1.382683e+134
5.844486e+133
-2.494033e+133
-3.687192e+133
-1.160975e+131
-6.566638e+131
3.493643e+133
3.488875e+133
8.948851e+130
5.722886e+130
3.189338e+130
7.401935e+130
9.837270e+133
-6.787672e+133
-4.987423e+133
-1.545571e+134
1.505653e+134
-1.764656e+134
1.607986e+134
-1.880723e+134
-6.534132e+134
3.760028e+134
-4.028052e+133
-5.064647e+133
5.495329e+133
8.436619e+133
8.824201e+134
3.834114e+135
3.680700e+134
-7.848865e+134
1.586823e+135
-1.528493e+135
-1.629907e+133
1.344597e+133
8.760449e+132
-7.674730e+132
-6.694024e+132
1.883131e+132
-8.594626e+131
-6.904954e+131
-4.112162e+132
-9.173364e+132
-6.283722e+132
5.443563e+132
-3.100544e+131
-3.469122e+131
-3.207533e+131
-1.012168e+131
1.569906e+131
3.007792e+131
-1.248933e+133
6.240473e+133
3.576157e+133
-5.295012e+133
-8.366808e+132
-9.584401e+132
-1.421517e+133
-7.339379e+132
5.143386e+130
-9.248795e+130
-6.035481e+130
1.365927e+131
-5.842850e+129
-4.730529e+130
3.785400e+131
-3.706695e+131
-5.020692e+130
1.277732e+131
-3.802970e+130
-1.038939e+130
8.222910e+129
4.556931e+129
5.787522e+136
1.833632e+136
1.345514e+138
-8.449255e+135
6.321337e+135
-2.145352e+137
-2.601749e+137
1.333224e+138
7.871432e+137
-1.824722e+138
3.736187e+136
-1.167537e+136
-1.650385e+135
4.731329e+135
-1.213509e+135
-1.096209e+135
5.572334e+135
-1.671744e+135
1.122562e+130
-5.874969e+128
1.421238e+130
6.220772e+130
-1.126314e+131
6.936695e+130
-1.546041e+132
2.356337e+132
5.322277e+131
-8.056769e+131
-5.790444e+131
2.224732e+133
4.520443e+132
-7.175615e+132
2.069020e+130
-3.545307e+130
-2.870734e+131
1.599383e+131
-1.431278e+131
5.643384e+131
4.090775e+129
1.314577e+132
-5.018759e+132
-7.771594e+131
-1.185470e+132
3.707286e+132
4.235874e+132
-2.972682e+132
-2.919328e+133
-1.326702e+134
1.561948e+134
2.412325e+134
-5.424489e+133
-8.849022e+133
-1.140744e+135
2.096985e+134
-4.119033e+135
1.788488e+136
-2.633887e+132
-1.059114e+133
2.685944e+135
-2.693036e+135
6.374878e+133
9.133155e+134
-3.592894e+134
5.537025e+134
-5.739938e+135
-3.842344e+135
-5.851775e+136
3.694514e+136
-3.226225e+135
-2.843781e+137
2.064545e+137
-1.532236e+137
-4.795051e+136
-5.574663e+135
3.075616e+136
-2.540913e+136
2.012088e+136
-4.943403e+135
1.787818e+136
1.313116e+136
2.203884e+135
-9.789451e+133
-1.796520e+135
1.885855e+134
1.675124e+135
-1.663905e+135
-2.714660e+135
-1.012751e+135
-3.908524e+133
2.737583e+134
4.709425e+133
2.700316e+133
5.455023e+134
1.768969e+134
3.381489e+134
-6.698035e+134
-1.062159e+134
2.944869e+134
-8.442790e+132
1.676727e+131
2.940149e+132
-1.407360e+133
8.556428e+133
-3.529111e+133
1.003472e+126
3.778397e+125
-2.401009e+125
-2.116965e+125
-3.082622e+123
1.795029e+122
2.780149e+124
4.345895e+124
-2.852815e+122
-1.201071e+124
2.228271e+124
6.719024e+124
-5.441648e+122
-8.907053e+121
-6.025692e+122
5.452806e+122
3.029118e+122
-1.069844e+123
-1.857486e+121
3.600468e+120
1.970962e+121
1.089555e+121
7.833250e+121
4.038985e+121
-5.313634e+121
-4.064765e+121
2.291145e+117
-2.212273e+117
-2.623196e+118
-4.473311e+117
5.822895e+118
2.137688e+118
-8.415908e+119
-4.467228e+119
-1.916347e+120
-2.998659e+120
-2.796699e+120
4.166456e+120
6.099541e+119
1.154535e+120
-2.534900e+119
-3.095955e+119
4.625148e+119
5.864496e+119
1.827378e+121
-1.037126e+121
1.208144e+121
-3.201828e+120
8.936107e+120
-4.383854e+120
3.833493e+113
-4.388726e+112
1.007869e+112
-4.191837e+111
-3.628174e+112
2.095768e+112
-9.663363e+111
-4.967451e+112
-3.166621e+112
-1.354653e+113
-7.438446e+112
2.404822e+113
6.271575e+112
-5.851955e+113
-8.757570e+112
9.176134e+112
2.327302e+114
1.924041e+114
-2.302934e+113
5.963132e+113
-1.014154e+113
5.041438e+111
3.122161e+113
-2.286008e+113
1.269635e+111
1.674837e+112
-7.889606e+111
7.255611e+111
-1.698581e+111
-2.262055e+111
-2.211288e+109
-1.370661e+108
6.815369e+109
3.211417e+109
2.047074e+110
1.257256e+110
1.797268e+110
6.081617e+110
-6.366332e+122
3.813563e+122
3.402430e+123
-1.754468e+123
-2.772775e+123
3.248375e+122
-1.392353e+124
-2.439063e+123
-5.999706e+117
2.245712e+119
9.124525e+127
-7.046550e+127
2.918574e+128
-6.360751e+126
2.778900e+128
-1.068918e+128
4.976360e+127
-4.707311e+127
-8.881664e+127
3.522877e+127
-2.966298e+127
2.123749e+128
-1.415109e+128
1.322489e+128
-1.146602e+128
-1.607182e+128
2.933665e+127
1.102142e+127
-2.547340e+127
-1.234872e+127
8.597305e+126
3.210614e+126
3.341320e+125
1.619154e+124
-3.376824e+125
3.034949e+124
-1.849145e+125
-2.044949e+125
-4.424930e+125
5.107300e+125
6.039535e+125
1.232705e+126
1.038450e+130
1.879799e+129
-1.057700e+130
1.620895e+129
-2.477349e+129
-6.349679e+129
3.652533e+130
2.411082e+131
6.885526e+131
-4.908285e+131
-6.451965e+130
1.611774e+131
1.667032e+131
2.347079e+129
1.444258e+133
6.606099e+132
8.835760e+131
1.763015e+132
-9.838545e+127
2.536863e+126
9.816136e+128
-7.651448e+128
-1.597302e+128
-1.450661e+128
-1.429638e+129
5.028738e+129
8.281475e+127
-3.222930e+128
5.942270e+126
-9.386842e+124
-2.393561e+128
-3.969271e+127
-1.300074e+127
2.027951e+126
-4.062971e+127
1.126283e+126
-1.963893e+127
3.947078e+126
-4.794099e+127
5.651682e+127
-1.510004e+128
3.342098e+126
7.216490e+117
5.957741e+117
-3.319160e+116
5.089261e+116
6.677925e+116
-1.563702e+117
7.624257e+116
-1.431689e+118
-5.086210e+116
1.899621e+117
4.626998e+114
1.678445e+116
-2.229380e+115
6.028790e+115
1.541254e+116
-4.545434e+116
-5.131698e+116
5.353980e+116
-4.309590e+115
2.957035e+116
9.802237e+116
-6.906236e+116
-6.723103e+117
-1.146912e+117
3.545777e+118
-1.289589e+118
-2.636797e+118
1.193783e+118
-4.681614e+118
1.728718e+118
-9.055043e+118
3.209257e+118
8.896658e+113
-7.544965e+113
-4.285454e+114
-5.268853e+112
-1.101211e+113
3.683016e+113
5.287594e+112
9.728980e+112
-5.346009e+112
-4.582980e+112
1.820469e+122
1.227070e+122
4.031849e+114
-8.777572e+114
-1.181643e+114
1.384425e+114
8.069399e+114
-2.685422e+114
-1.018424e+115
6.134583e+114
2.825970e+115
-5.888819e+115
-1.414748e+114
-6.279810e+113
-1.053525e+114
2.033473e+114
-3.206348e+114
1.341061e+114
3.564528e+121
-2.996275e+121
-1.083561e+121
1.005401e+121
2.401910e+120
-3.732499e+120
3.872508e+119
1.547979e+121
1.985044e+121
-6.197168e+121
1.067525e+122
5.513179e+121
-4.686035e+122
7.413400e+122
1.307833e+123
3.138972e+123
9.324356e+120
-9.528930e+120
-1.849363e+120
1.268763e+120
1.161573e+119
-7.011411e+118
-3.286598e+118
2.317258e+118
-4.502099e+119
2.195262e+119
3.950387e+119
-9.094173e+119
4.623919e+117
-4.101728e+117
3.530798e+115
-1.919346e+115
1.754855e+116
-1.196451e+116
-2.979988e+115
3.409994e+115
9.474825e+115
-1.875562e+116
-2.759842e+116
1.673654e+116
9.896291e+116
-1.258794e+117
-1.354247e+117
3.092544e+117
2.706060e+115
-1.815858e+116
5.993078e+116
-1.017036e+117
6.323186e+117
1.175714e+118
-2.202530e+117
-2.551167e+117
2.136284e+118
-6.736743e+118
1.798241e+118
3.361249e+118
3.748754e+115
6.926174e+114
1.134017e+116
-2.082922e+116
1.939339e+116
-2.190019e+116
6.835682e+115
-2.102809e+115
-4.332123e+119
2.958228e+119
-4.090086e+119
8.206067e+118
-2.731817e+120
-2.823030e+118
1.290712e+121
4.498123e+120
-2.666436e+119
6.267684e+120
5.969432e+119
-8.617695e+119
-2.274361e+121
-1.824475e+121
7.414183e+121
4.566556e+121
3.008084e+121
-3.226787e+121
-3.481099e+121
3.093621e+121
-5.300583e+122
1.029298e+122
3.356831e+123
-4.388262e+122
1.310763e+123
3.493467e+123
1.082250e+124
-1.745949e+124
2.134845e+125
-1.028315e+125
2.189881e+124
-6.378542e+124
3.579235e+124
1.945809e+124
-3.615833e+124
1.706320e+124
-1.133967e+124
5.070352e+124
-1.767179e+125
4.383475e+124
-1.131702e+125
1.052406e+124
-2.567632e+125
-1.853935e+125
3.674015e+125
-1.276537e+125
-9.382947e+125
6.180023e+124
-1.332904e+126
7.173880e+125
1.518402e+126
-1.436569e+126
2.975081e+125
-1.085809e+126
7.712073e+123
-4.826265e+123
9.664456e+123
2.130494e+124
-3.781494e+124
1.040014e+124
9.024066e+122
-9.718641e+122
-3.948488e+123
2.941859e+123
-1.154115e+122
8.893107e+121
-2.742893e+123
9.595532e+123
-8.229433e+121
-1.162541e+123
1.007173e+123
7.189086e+122
1.298432e+122
-2.356487e+122
-1.708830e+122
5.840677e+121
3.513049e+121
-9.890813e+120
-1.629361e+122
7.801175e+121
2.080168e+122
-9.641067e+121
1.026991e+122
-4.028111e+121
-5.846426e+121
-8.696346e+120
5.856357e+119
-5.751086e+119
1.971398e+121
-5.691904e+120
-3.632004e+120
4.481045e+119
-9.549920e+118
-3.689479e+119
4.236956e+119
3.055732e+119
9.764115e+117
5.266626e+119
2.272438e+120
-8.461048e+119
2.263770e+120
4.711679e+120
-5.968961e+117
-6.837872e+118
-7.902782e+120
4.319831e+120
8.081396e+119
-5.696188e+119
-1.016733e+118
1.494662e+118
-1.145527e+118
6.773726e+118
2.033749e+119
3.197249e+119
-2.408816e+121
-4.483036e+120
4.164354e+120
-3.463208e+120
-2.049209e+120
6.005500e+119
1.437098e+120
1.928766e+120
1.335568e+121
-1.001706e+121
-4.695569e+121
3.471939e+121
1.226581e+119
-5.070948e+119
-3.259059e+119
2.731692e+119
6.661804e+119
7.348827e+118
2.960691e+118
4.053597e+118
8.646976e+118
-9.289493e+117
-5.166901e+117
-8.650479e+117
1.418628e+118
-3.077223e+117
2.375907e+117
-5.158994e+117
-7.694144e+115
7.743278e+115
3.629706e+115
-1.941529e+115
-2.455459e+116
9.530918e+115
4.148089e+117
-3.062137e+117
4.568141e+116
6.580006e+116
1.738108e+118
1.066632e+118
-4.525842e+116
-1.426256e+116
-8.393019e+116
-7.483465e+116
4.877825e+115
-2.273025e+115
5.688007e+115
-2.114397e+115
-4.808193e+116
3.773278e+116
-6.002674e+114
9.048409e+116
-5.731336e+114
-4.946663e+114
-2.831858e+115
-6.074918e+114
1.939312e+115
3.879397e+114
-3.020020e+115
-5.967304e+114
