-5.000000 0.958924
-4.900000 0.987892
-4.800000 1.004304
-4.700000 1.008899
-4.600000 1.002304
-4.500000 0.985076
-4.400000 0.957736
-4.300000 0.920793
-4.200000 0.874766
-4.100000 0.820201
-4.000000 0.757682
-3.900000 0.687841
-3.800000 0.611360
-3.700000 0.528974
-3.600000 0.441472
-3.500000 0.349690
-3.400000 0.254508
-3.300000 0.156844
-3.200000 0.057647
-3.100000 -0.042117
-3.000000 -0.141467
-2.900000 -0.239424
-2.800000 -0.335016
-2.700000 -0.427293
-2.600000 -0.515333
-2.500000 -0.598254
-2.400000 -0.675224
-2.300000 -0.745469
-2.200000 -0.808282
-2.100000 -0.863030
-2.000000 -0.909160
-1.900000 -0.946207
-1.800000 -0.973798
-1.700000 -0.991653
-1.600000 -0.999594
-1.500000 -0.997539
-1.400000 -0.985509
-1.300000 -0.963624
-1.200000 -0.932105
-1.100000 -0.891267
-1.000000 -0.841521
-0.900000 -0.783365
-0.800000 -0.717382
-0.700000 -0.644231
-0.600000 -0.564646
-0.500000 -0.479422
-0.400000 -0.389410
-0.300000 -0.295511
-0.200000 -0.198662
-0.100000 -0.099829
-0.000000 -0.000000
0.100000 0.099829
0.200000 0.198662
0.300000 0.295511
0.400000 0.389410
0.500000 0.479422
0.600000 0.564646
0.700000 0.644231
0.800000 0.717382
0.900000 0.783365
1.000000 0.841521
1.100000 0.891267
1.200000 0.932105
1.300000 0.963624
1.400000 0.985509
1.500000 0.997539
1.600000 0.999594
1.700000 0.991653
1.800000 0.973798
1.900000 0.946207
2.000000 0.909160
2.100000 0.863030
2.200000 0.808282
2.300000 0.745469
2.400000 0.675224
2.500000 0.598254
2.600000 0.515333
2.700000 0.427293
2.800000 0.335016
2.900000 0.239424
3.000000 0.141467
3.100000 0.042117
3.200000 -0.057647
3.300000 -0.156844
3.400000 -0.254508
3.500000 -0.349690
3.600000 -0.441472
3.700000 -0.528974
3.800000 -0.611360
3.900000 -0.687841
4.000000 -0.757682
4.100000 -0.820201
4.200000 -0.874766
4.300000 -0.920793
4.400000 -0.957736
4.500000 -0.985076
4.600000 -1.002304
4.700000 -1.008899
4.800000 -1.004304
4.900000 -0.987892
5.000000 -0.958924
