2676560.109671
2676158.405300
2675756.741106
2675355.117087
2674953.533241
2674551.989568
2674150.486063
2673749.022726
2673347.599555
2672946.216547
2672544.873700
2672143.571013
2671742.308483
2671341.086108
2670939.903887
2670538.761817
2670137.659897
2669736.598124
2669335.576496
2668934.595012
2668533.653669
2668132.752465
2667731.891398
2667331.070467
2666930.289669
2666529.549003
2666128.848465
2665728.188055
2665327.567771
2664926.987609
2664526.447569
2664125.947648
2663725.487844
2663325.068155
2662924.688580
2662524.349116
2662124.049761
2661723.790513
2661323.571370
2660923.392331
2660523.253392
2660123.154553
2659723.095811
2659323.077164
2658923.098610
2658523.160147
2658123.261774
2657723.403487
2657323.585286
2656923.807168
2656524.069130
2656124.371172
2655724.713291
2655325.095485
2654925.517752
2654525.980090
2654126.482497
2653727.024971
2653327.607510
2652928.230112
2652528.892775
2652129.595497
2651730.338276
2651331.121110
2650931.943997
2650532.806935
2650133.709921
2649734.652955
2649335.636034
2648936.659155
2648537.722318
2648138.825519
2647739.968757
2647341.152030
2646942.375336
2646543.638673
2646144.942039
2645746.285431
2645347.668849
2644949.092289
2644550.555750
2644152.059230
2643753.602726
2643355.186238
2642956.809762
2642558.473297
2642160.176841
2641761.920391
2641363.703946
2640965.527504
2640567.391063
2640169.294621
2639771.238175
2639373.221724
2638975.245265
2638577.308798
2638179.412319
2637781.555826
2637383.739319
2636985.962794
2636588.226249
2636190.529684
2635792.873095
2635395.256480
2634997.679838
2634600.143167
2634202.646465
2633805.189729
2633407.772957
2633010.396148
2632613.059300
2632215.762410
2631818.505477
2631421.288498
2631024.111472
2630626.974397
2630229.877270
2629832.820089
2629435.802853
2629038.825560
2628641.888207
2628244.990792
2627848.133314
2627451.315770
2627054.538159
2626657.800478
2626261.102726
2625864.444900
2625467.826999
2625071.249019
2624674.710961
2624278.212821
2623881.754597
2623485.336287
2623088.957890
2622692.619403
2622296.320825
2621900.062153
2621503.843385
2621107.664519
2620711.525554
2620315.426487
2619919.367317
2619523.348041
2619127.368657
2618731.429163
2618335.529558
2617939.669838
2617543.850003
2617148.070051
2616752.329978
2616356.629784
2615960.969466
2615565.349022
2615169.768451
2614774.227749
2614378.726916
2613983.265949
2613587.844846
2613192.463606
2612797.122225
2612401.820703
2612006.559036
2611611.337224
2611216.155264
2610821.013154
2610425.910892
2610030.848476
2609635.825905
2609240.843175
2608845.900286
2608450.997234
2608056.134019
2607661.310637
2607266.527088
2606871.783369
2606477.079477
2606082.415412
2605687.791171
2605293.206751
2604898.662152
2604504.157370
2604109.692405
2603715.267253
2603320.881914
2602926.536384
2602532.230663
2602137.964747
2601743.738635
2601349.552325
2600955.405815
2600561.299103
2600167.232187
2599773.205064
2599379.217734
2598985.270193
2598591.362440
2598197.494473
2597803.666290
2597409.877889
2597016.129267
2596622.420424
2596228.751356
2595835.122062
2595441.532539
2595047.982787
2594654.472802
2594261.002583
2593867.572127
2593474.181434
2593080.830500
2592687.519324
2592294.247903
2591901.016237
2591507.824322
2591114.672156
2590721.559739
2590328.487067
2589935.454138
2589542.460952
2589149.507505
2588756.593795
2588363.719821
2587970.885581
2587578.091073
2587185.336294
2586792.621242
2586399.945917
2586007.310314
2585614.714434
2585222.158273
2584829.641829
2584437.165101
2584044.728087
2583652.330784
2583259.973191
2582867.655305
2582475.377124
2582083.138648
2581690.939872
2581298.780796
2580906.661418
2580514.581735
2580122.541745
2579730.541447
2579338.580838
2578946.659917
2578554.778681
2578162.937129
2577771.135258
2577379.373066
2576987.650552
2576595.967713
2576204.324548
2575812.721054
2575421.157229
2575029.633071
2574638.148579
2574246.703751
2573855.298583
2573463.933075
2573072.607224
2572681.321029
2572290.074486
2571898.867595
2571507.700354
2571116.572759
2570725.484810
2570334.436504
2569943.427839
2569552.458814
2569161.529425
2568770.639672
2568379.789552
2567988.979064
2567598.208204
2567207.476972
2566816.785364
2566426.133380
2566035.521018
2565644.948274
2565254.415147
2564863.921636
2564473.467737
2564083.053450
2563692.678772
2563302.343701
2562912.048235
2562521.792372
2562131.576110
2561741.399447
2561351.262381
2560961.164911
2560571.107033
2560181.088746
2559791.110049
2559401.170938
2559011.271412
2558621.411470
2558231.591108
2557841.810325
2557452.069120
2557062.367489
2556672.705431
2556283.082944
2555893.500026
2555503.956675
2555114.452889
2554724.988666
2554335.564003
2553946.178900
2553556.833353
2553167.527362
2552778.260923
2552389.034035
2551999.846696
2551610.698904
2551221.590656
2550832.521951
2550443.492788
2550054.503163
2549665.553074
2549276.642521
2548887.771500
2548498.940010
2548110.148049
2547721.395615
2547332.682705
2546944.009318
2546555.375452
2546166.781105
2545778.226274
2545389.710958
2545001.235155
2544612.798862
2544224.402078
2543836.044801
2543447.727028
2543059.448758
2542671.209989
2542283.010718
2541894.850944
2541506.730665
2541118.649878
2540730.608582
2540342.606774
2539954.644453
2539566.721616
2539178.838263
2538790.994389
2538403.189994
2538015.425076
2537627.699632
2537240.013661
2536852.367161
2536464.760128
2536077.192563
2535689.664462
2535302.175823
2534914.726645
2534527.316925
2534139.946662
2533752.615853
2533365.324497
2532978.072591
2532590.860133
2532203.687122
2531816.553555
2531429.459431
2531042.404747
2530655.389502
2530268.413692
2529881.477318
2529494.580375
2529107.722863
2528720.904780
2528334.126122
2527947.386889
2527560.687078
2527174.026688
2526787.405716
2526400.824160
2526014.282018
2525627.779289
2525241.315970
2524854.892059
2524468.507555
2524082.162455
2523695.856757
2523309.590459
2522923.363559
2522537.176056
2522151.027947
2521764.919230
2521378.849903
2520992.819964
2520606.829412
2520220.878243
2519834.966457
2519449.094051
2519063.261023
2518677.467372
2518291.713094
2517905.998188
2517520.322653
2517134.686486
2516749.089684
2516363.532247
2515978.014172
2515592.535457
2515207.096100
2514821.696099
2514436.335452
2514051.014157
2513665.732212
2513280.489615
2512895.286364
2512510.122457
2512124.997893
2511739.912668
2511354.866781
2510969.860230
2510584.893012
2510199.965127
2509815.076572
2509430.227345
2509045.417443
2508660.646866
2508275.915610
2507891.223675
2507506.571057
2507121.957755
2506737.383767
2506352.849091
2505968.353724
2505583.897666
2505199.480913
2504815.103464
2504430.765317
2504046.466470
2503662.206920
2503277.986667
2502893.805707
2502509.664038
2502125.561660
2501741.498569
2501357.474765
2500973.490243
2500589.545004
2500205.639044
2499821.772362
2499437.944956
2499054.156824
2498670.407963
2498286.698371
2497903.028048
2497519.396990
2497135.805196
2496752.252663
2496368.739390
2495985.265375
2495601.830615
2495218.435109
2494835.078855
2494451.761850
2494068.484093
2493685.245581
2493302.046313
2492918.886286
2492535.765499
2492152.683950
2491769.641636
2491386.638555
2491003.674706
2490620.750087
2490237.864695
2489855.018529
2489472.211586
2489089.443864
2488706.715362
2488324.026078
2487941.376009
2487558.765153
2487176.193509
2486793.661074
2486411.167847
2486028.713825
2485646.299006
2485263.923389
2484881.586972
2484499.289751
2484117.031726
2483734.812895
2483352.633254
2482970.492803
2482588.391540
2482206.329461
2481824.306566
2481442.322853
2481060.378318
2480678.472961
2480296.606780
2479914.779771
2479532.991934
2479151.243266
2478769.533765
2478387.863430
2478006.232257
2477624.640246
2477243.087395
2476861.573700
2476480.099161
2476098.663774
2475717.267539
2475335.910454
2474954.592515
2474573.313721
2474192.074071
2473810.873562
2473429.712192
2473048.589959
2472667.506861
2472286.462896
2471905.458062
2471524.492358
2471143.565780
2470762.678328
2470381.829999
2470001.020790
2469620.250701
2469239.519729
2468858.827872
2468478.175127
2468097.561494
2467716.986970
2467336.451553
2466955.955241
2466575.498032
2466195.079924
2465814.700914
2465434.361002
2465054.060185
2464673.798461
2464293.575827
2463913.392283
2463533.247825
2463153.142452
2462773.076162
2462393.048954
2462013.060824
2461633.111770
2461253.201792
2460873.330887
2460493.499052
2460113.706286
2459733.952587
2459354.237953
2458974.562382
2458594.925872
2458215.328420
2457835.770025
2457456.250685
2457076.770398
2456697.329161
2456317.926973
2455938.563832
2455559.239736
2455179.954682
2454800.708669
2454421.501695
2454042.333758
2453663.204855
2453284.114985
2452905.064145
2452526.052335
2452147.079551
2451768.145791
2451389.251054
2451010.395338
2450631.578641
2450252.800960
2449874.062294
2449495.362640
2449116.701997
2448738.080362
2448359.497734
2447980.954111
2447602.449490
2447223.983870
2446845.557248
2446467.169623
2446088.820993
2445710.511354
2445332.240707
2444954.009048
2444575.816375
2444197.662687
2443819.547981
2443441.472256
2443063.435510
2442685.437739
2442307.478944
2441929.559120
2441551.678267
2441173.836383
2440796.033465
2440418.269511
2440040.544520
2439662.858489
2439285.211416
2438907.603300
2438530.034138
2438152.503929
2437775.012670
2437397.560359
2437020.146994
2436642.772574
2436265.437096
2435888.140559
2435510.882960
2435133.664297
2434756.484568
2434379.343771
2434002.241905
2433625.178967
2433248.154956
2432871.169868
2432494.223703
2432117.316458
2431740.448131
2431363.618721
2430986.828224
2430610.076640
2430233.363966
2429856.690200
2429480.055341
2429103.459385
2428726.902332
2428350.384178
2427973.904923
2427597.464564
2427221.063099
2426844.700526
2426468.376844
2426092.092049
2425715.846140
2425339.639116
2424963.470973
2424587.341711
2424211.251327
2423835.199818
2423459.187184
2423083.213422
2422707.278530
2422331.382505
2421955.525347
2421579.707053
2421203.927620
2420828.187048
2420452.485333
2420076.822475
2419701.198470
2419325.613318
2418950.067015
2418574.559560
2418199.090952
2417823.661187
2417448.270264
2417072.918180
2416697.604935
2416322.330526
2415947.094950
2415571.898206
2415196.740292
2414821.621206
2414446.540946
2414071.499510
2413696.496895
2413321.533100
2412946.608123
2412571.721962
2412196.874614
2411822.066079
2411447.296353
2411072.565434
2410697.873322
2410323.220013
2409948.605506
2409574.029799
2409199.492889
2408824.994775
2408450.535455
2408076.114926
2407701.733188
2407327.390236
2406953.086071
2406578.820689
2406204.594089
2405830.406268
2405456.257225
2405082.146957
2404708.075464
2404334.042741
2403960.048789
2403586.093604
2403212.177184
2402838.299528
2402464.460634
2402090.660499
2401716.899122
2401343.176500
2400969.492632
2400595.847515
2400222.241148
2399848.673528
2399475.144654
2399101.654523
2398728.203134
2398354.790484
2397981.416572
2397608.081395
2397234.784951
2396861.527239
2396488.308256
2396115.128001
2395741.986471
2395368.883665
2394995.819580
2394622.794214
2394249.807566
2393876.859633
2393503.950413
2393131.079905
2392758.248106
2392385.455014
2392012.700628
2391639.984945
2391267.307963
2390894.669681
2390522.070096
2390149.509206
2389776.987010
2389404.503504
2389032.058688
2388659.652560
2388287.285116
2387914.956356
2387542.666277
2387170.414877
2386798.202154
2386426.028106
2386053.892732
2385681.796029
2385309.737995
2384937.718628
2384565.737926
2384193.795888
2383821.892510
2383450.027792
2383078.201731
2382706.414325
2382334.665572
2381962.955470
2381591.284017
2381219.651212
2380848.057051
2380476.501533
2380104.984657
2379733.506419
2379362.066819
2378990.665854
2378619.303521
2378247.979820
2377876.694747
2377505.448302
2377134.240482
2376763.071284
2376391.940708
2376020.848750
2375649.795409
2375278.780684
2374907.804571
2374536.867069
2374165.968176
2373795.107890
2373424.286209
2373053.503131
2372682.758654
2372312.052775
2371941.385494
2371570.756807
2371200.166713
2370829.615210
2370459.102296
2370088.627969
2369718.192226
2369347.795066
2368977.436488
2368607.116487
2368236.835064
2367866.592215
2367496.387940
2367126.222234
2366756.095098
2366386.006529
2366015.956524
2365645.945082
2365275.972200
2364906.037877
2364536.142111
2364166.284900
2363796.466241
2363426.686133
2363056.944574
2362687.241561
2362317.577093
2361947.951168
2361578.363783
2361208.814937
2360839.304628
2360469.832853
2360100.399610
2359731.004899
2359361.648715
2358992.331059
2358623.051927
2358253.811317
2357884.609228
2357515.445658
2357146.320604
2356777.234065
2356408.186038
2356039.176522
2355670.205514
2355301.273012
2354932.379016
2354563.523521
2354194.706527
2353825.928032
2353457.188033
2353088.486528
2352719.823516
2352351.198994
2351982.612961
2351614.065414
2351245.556351
2350877.085771
2350508.653672
2350140.260050
2349771.904905
2349403.588234
2349035.310036
2348667.070308
2348298.869048
2347930.706255
2347562.581926
2347194.496059
2346826.448653
2346458.439705
2346090.469213
2345722.537175
2345354.643590
2344986.788455
2344618.971768
2344251.193527
2343883.453731
2343515.752376
2343148.089462
2342780.464987
2342412.878947
2342045.331342
2341677.822168
2341310.351425
2340942.919110
2340575.525222
2340208.169757
2339840.852715
2339473.574092
2339106.333888
2338739.132100
2338371.968726
2338004.843764
2337637.757212
2337270.709068
2336903.699331
2336536.727997
2336169.795065
2335802.900534
2335436.044400
2335069.226663
2334702.447319
2334335.706368
2333969.003806
2333602.339633
2333235.713845
2332869.126442
2332502.577420
2332136.066779
2331769.594515
2331403.160627
2331036.765113
2330670.407972
2330304.089200
2329937.808796
2329571.566757
2329205.363083
2328839.197771
2328473.070818
2328106.982224
2327740.931985
2327374.920100
2327008.946567
2326643.011384
2326277.114548
2325911.256059
2325545.435913
2325179.654109
2324813.910645
2324448.205518
2324082.538727
2323716.910271
2323351.320145
2322985.768350
2322620.254882
2322254.779740
2321889.342922
2321523.944426
2321158.584249
2320793.262390
2320427.978847
2320062.733617
2319697.526699
2319332.358090
2318967.227790
2318602.135795
2318237.082103
2317872.066713
2317507.089623
2317142.150831
2316777.250334
2316412.388130
2316047.564218
2315682.778596
2315318.031262
2314953.322212
2314588.651447
2314224.018963
2313859.424759
2313494.868832
2313130.351180
2312765.871802
2312401.430696
2312037.027859
2311672.663290
2311308.336986
2310944.048945
2310579.799166
2310215.587647
2309851.414385
2309487.279378
2309123.182625
2308759.124123
2308395.103871
2308031.121866
2307667.178106
2307303.272590
2306939.405315
2306575.576280
2306211.785482
2305848.032919
2305484.318590
2305120.642492
2304757.004623
2304393.404981
2304029.843565
2303666.320373
2303302.835401
2302939.388649
2302575.980114
2302212.609794
2301849.277688
2301485.983793
2301122.728107
2300759.510628
2300396.331355
2300033.190284
2299670.087415
2299307.022746
2298943.996273
2298581.007995
2298218.057911
2297855.146018
2297492.272314
2297129.436797
2296766.639466
2296403.880317
2296041.159350
2295678.476562
2295315.831950
2294953.225514
2294590.657251
